Input scale (32 bit):
 216421872
Input zero point:
 120
Weight scale (32 bit):
 55064120
Weight zero point:
 134
Output scale (32 bit):
 317151776
Output zero point:
 107
M Scales (32 bit):
 37575324
Weight (8 bit):
weights_conv[0] = {-64, 60, 6, 8, -18, 7, -17, 31, -8, -23, 28, -2, 37, -37, 7, -6, 7, 9, 0, 51, -15, -13, 7, -3, -26, 17, -13, 6, 11, -2, -35, -19, -23, -3};
weights_conv[1] = {1, 3, -1, -2, -1, -28, 0, 44, 44, -6, -63, 93, 41, -26, 25, 7, 10, 5, 1, 19, 16, 11, -24, -24, -20, 27, -18, -7, -58, 2, -37, -17, 2, 11};
weights_conv[2] = {116, 2, -27, 3, 22, 1, -21, -28, 43, -1, -6, 0, 6, 52, -18, 15, -24, -31, -13, -12, -32, -8, -1, -9, 14, 36, 26, -11, 5, 10, -13, 6, -34, 40};
weights_conv[3] = {0, 0, -22, 3, 9, -9, -24, 101, -6, -12, -6, 8, 7, -5, -32, 1, 36, -1, -10, 7, -44, 1, 1, -10, 48, -24, -16, 4, 2, -19, -55, 1, -10, -2};
weights_conv[4] = {5, -51, -29, 33, 10, 10, 3, -13, 11, -35, 19, 20, -31, -6, 22, -1, 16, -20, -30, 3, -27, 2, 0, -12, 12, 4, -25, 34, 37, -8, 11, 16, -15, 29};
weights_conv[5] = {-4, -32, 16, -13, 3, -2, -2, -6, -50, -3, -38, 3, -24, 5, -9, 15, -22, 15, 55, 17, 22, 22, 0, -29, -16, -20, 9, 20, -1, 19, 2, 8, 20, -18};
weights_conv[6] = {-5, 109, 6, 31, -31, -6, 3, 4, -14, -2, 51, -16, 1, -29, -13, 11, 23, -8, -1, 12, -7, -7, 34, 24, 5, -4, 14, 15, -19, -3, -1, 10, -19, -4};
weights_conv[7] = {-33, 27, -11, -20, 4, -19, -21, 31, -3, 6, 1, 3, -16, -29, 16, -16, -5, -5, -5, 18, -12, 0, 29, -7, 31, 8, -5, 10, 15, -6, -5, 10, 10, -6};
weights_conv[8] = {54, 71, 47, -12, 4, 9, 34, -11, -2, 1, 14, 6, -15, 2, -11, -19, -26, -13, 3, 17, -15, 21, -37, -4, 14, 21, -43, 0, -3, 11, -10, -5, -9, 29};
weights_conv[9] = {-21, -21, -28, 19, 4, -13, 1, 5, 10, 66, -18, 7, 11, -24, -25, -32, -13, -40, 57, 3, -29, -18, -10, -17, 2, 7, -17, -54, 32, 18, -71, 27, 17, 23};
weights_conv[10] = {34, -23, -8, 4, -6, 22, -11, -10, -23, -9, 20, 10, -5, 16, -34, 37, -34, 19, -13, -8, 38, -1, -22, -1, 0, -27, -19, 7, -10, 6, -1, -46, -13, -10};
weights_conv[11] = {27, -91, 4, 5, 17, 53, 4, -36, -12, 22, 17, 9, 22, -7, 11, 30, -17, -26, -47, -4, -2, -3, -13, -11, -5, -21, -28, -25, -13, -9, -3, 11, 8, -10};
weights_conv[12] = {49, 52, -2, -16, -18, 4, -20, 2, -4, 3, 14, 16, -24, -17, -21, 34, 0, -26, 18, 16, 22, 31, -4, -18, -3, 9, 18, -9, 8, 10, 0, 12, 10, -7};
weights_conv[13] = {1, 77, 26, 0, -3, -25, -3, 14, 3, -11, 18, 34, -30, -14, 10, 11, 32, -3, -32, -38, 4, 27, 47, -13, -23, 19, -16, 11, 6, -18, 4, -18, -6, -5};
weights_conv[14] = {33, -43, 15, -10, 14, 10, -22, -20, 23, -11, -2, -66, -4, -1, -40, 76, -12, -37, 28, -24, -46, -20, -8, 7, -6, -13, 59, -33, 11, 4, 19, -12, 34, -39};
weights_conv[15] = {-14, -7, 12, -24, 1, -3, 8, 25, -19, 6, -16, -13, -7, -14, -6, 4, 7, -4, -5, -11, -21, 6, 5, 6, 3, -21, -7, 5, 11, -15, 14, -23, 0, -17};
weights_conv[16] = {21, 30, 45, 62, -6, -21, -30, -21, 20, 38, 12, 13, -38, -5, -10, -18, 7, 3, -9, 22, -32, 16, 2, -28, -8, 1, 8, -4, -29, 0, -13, -12, 12, -2};
weights_conv[17] = {-17, 14, -8, 0, -10, -39, -20, 20, 2, 18, 13, 6, 40, 33, 18, 3, -19, 42, -39, 14, 11, -54, -28, 12, -17, -33, 23, -7, 24, -12, -8, -1, -32, 29};
weights_conv[18] = {-2, 24, 2, -13, -1, -14, 0, 3, -13, 13, 19, -9, -18, 0, 4, -13, -6, -12, -16, 2, -3, -19, -1, -3, -9, 19, 0, 15, 2, 3, 4, -10, -3, 11};
weights_conv[19] = {-21, 38, 1, -7, 8, -25, -29, -15, 18, -15, -27, -17, -12, -19, -32, 1, -10, 21, -8, 43, 1, 11, 66, -19, -15, -3, 8, 22, -9, 33, 48, -3, -2, -3};
weights_conv[20] = {-39, 30, 49, -5, -45, -7, 47, 41, -33, -38, -11, 33, 21, 20, -15, -14, -2, -4, -10, -17, -5, 18, -22, 52, -27, -2, -12, -34, -1, 15, -6, 20, -2, -15};
weights_conv[21] = {13, -59, -5, -27, -20, 9, 1, 2, 15, 8, -13, 42, -5, 5, -15, 13, 11, -5, 29, -13, 17, -25, -4, -27, -1, 4, -7, 1, -5, -14, 11, 13, 0, 2};
weights_conv[22] = {-122, -31, 12, 5, 30, -13, -3, 10, -18, -7, 17, -12, 20, 28, -23, 3, -38, 56, 21, -18, -7, -32, -16, 28, -31, -1, -3, 6, -4, 19, 20, -8, 8, -17};
weights_conv[23] = {19, 60, 4, -2, 6, 41, -11, -7, -10, -25, 39, -9, -2, -18, 3, 19, 8, -45, -3, 9, 5, -12, 22, 1, -13, 7, -1, 7, 12, -16, -8, 17, 1, -12};
weights_conv[24] = {-5, -24, 9, -15, 18, 2, -38, 29, -16, -41, 27, -3, -3, -16, -24, -12, -27, 9, 11, -8, 34, -16, -8, 22, 43, -24, 35, 41, -12, 14, -17, 16, 15, -16};
weights_conv[25] = {16, 87, 45, -50, -37, -14, 11, 37, -10, 29, 12, -12, -9, 3, -11, -9, 14, 5, -5, -17, -19, 10, 17, -9, -11, 26, -12, -39, -8, -20, 31, 7, 18, 20};
weights_conv[26] = {26, 45, -9, -5, 4, -6, -1, -20, -3, -11, -1, -1, -13, -24, -2, 9, 25, -3, -7, -17, 2, 7, -18, -14, 1, 21, 15, -23, 0, -21, 6, 15, -2, 11};
weights_conv[27] = {-20, 4, 33, -22, 3, -6, 19, 28, -17, 43, -7, 7, -12, -23, 0, 18, 11, 4, -29, -25, 26, -13, -23, -7, 15, 19, 4, -7, -1, -21, 11, -26, -24, -7};
weights_conv[28] = {42, 75, -10, 15, 32, -19, -24, 20, -5, -6, -41, 6, 17, -4, 25, -10, 39, 11, 8, -12, 10, 27, 4, 2, -3, 13, 6, -8, -40, -3, 9, 8, -5, 47};
weights_conv[29] = {3, -57, -30, 68, -11, 18, -37, 13, 4, -13, 6, 11, -2, 22, -42, 42, 12, -14, -8, -15, 16, -26, 24, 4, 11, -12, -19, -23, 12, -32, 4, -6, 46, -23};
weights_conv[30] = {-29, -102, 8, 48, -12, -8, -22, -56, -27, 6, 14, 7, -8, -16, -8, 4, -20, 6, -15, -1, 10, 5, -7, -10, 9, -31, 14, 52, 0, -2, 68, -4, 20, -30};
weights_conv[31] = {-131, -4, -3, 9, 15, -16, 22, 55, -19, 12, 2, -2, -8, 5, 8, 17, -4, -2, 9, -5, -10, -23, -21, 6, -9, 2, -12, -12, -5, 60, -7, -34, 17, 0};

Bias (8 bit):
bias_conv = {-1448, -859, -902, -1676, -598, 698, -1070, -869, -904, -1294, -765, -772, -888, -3, -428, -684, 468, -188, -1247, -1327, -288, 419, -48, -1108, -509, -1814, -439, -1456, 333, -348, -698, -923};
Input range (8 bit):
 [-6, -5, -4, -3, -2, -1, 0, 1, 2, 3, 4, 5, 6]
Output range (8 bit):
 [-119, -99, -79, -60, -40, -20, 0, 20, 40, 60, 79, 99, 119]
