Input scale (32 bit):
 233625232
Input zero point:
 99
Weight scale (32 bit):
 37891772
Weight zero point:
 97
Output scale (32 bit):
 216421872
Output zero point:
 120
M Scales (32 bit):
 40903788
Weight (8 bit):
weights_conv[0] = {154, 57, 0, -7, 79, 23, 32, -36, -14, 0, 39, 21, 29, 14, 24, 9, 27, -3, 18, 25, -33, 2, -9, 28, 28, -46, 31, 1, 2, -33, -26, -7, 37, -18};
weights_conv[1] = {-24, -46, 20, 19, -7, 33, -17, 27, -12, 20, -11, 13, -10, 30, 29, 50, 0, 23, 3, -19, -7, -17, -31, 2, 17, 9, 19, -15, -6, 14, 19, 8, 18, 29};
weights_conv[2] = {34, 32, -29, 4, -4, 21, 2, -24, -5, -9, 17, -21, -37, -20, -18, 8, 19, 2, -25, -5, 9, -6, 11, 28, 6, -5, 13, -11, -13, 4, -5, 3, -8, -1};
weights_conv[3] = {-13, -73, -3, 7, -16, 2, -19, -21, 8, 1, 16, 30, 0, -28, -8, 7, 29, 38, -6, -13, 5, 15, 24, -14, -17, 14, -22, 16, -4, 22, -33, -6, 4, 14};
weights_conv[4] = {-95, 14, 10, -18, -6, 56, 18, -4, 0, 10, 19, -25, -4, -26, 83, 13, -24, 17, -5, -27, -14, 24, 15, -16, 7, 30, 4, -13, 2, -10, -3, 19, 70, 4};
weights_conv[5] = {-63, -11, 12, -29, 41, 12, 11, -22, 36, 37, 30, 50, -24, 26, 2, 13, 21, -11, 2, 37, -6, -42, -8, 47, -14, -20, -14, -59, 55, 8, -45, 12, 13, -27};
weights_conv[6] = {19, -54, -8, -16, -10, 0, -33, -10, -17, 34, -24, 21, -3, 14, 9, -11, 6, 33, 27, -6, -5, -1, 6, 10, 21, 5, -15, -22, 19, 52, 17, -19, 18, -1};
weights_conv[7] = {32, 6, 42, -1, 6, -14, 13, 19, 0, 15, 52, -35, -19, 2, 10, -8, -15, -15, -13, 7, 13, 5, 7, 16, -20, -24, 23, -14, -29, 22, 23, -26, 7, -5};
weights_conv[8] = {52, 59, -5, 16, -6, 1, 45, -8, 1, -24, 30, -8, -5, 21, 8, 0, 8, -7, 11, -30, -33, -12, -5, 21, 29, -4, -7, 23, -15, 27, 5, 9, -10, -37};
weights_conv[9] = {60, -43, -1, -45, 27, -10, 11, 0, -25, 32, -4, 11, -33, 8, 21, 18, -4, 48, -5, -1, 27, -1, -12, -4, -41, -28, -5, -18, -1, 40, 20, 0, 52, -25};
weights_conv[10] = {-56, 4, -27, 12, -33, 50, -24, -2, -7, 13, -35, -51, -17, 12, 36, 15, 9, -28, -21, 32, 50, 12, 10, 9, 0, -9, 42, -18, -21, -42, 62, 6, 15, -21};
weights_conv[11] = {-16, 122, -27, -31, -14, 1, -12, 18, 29, 29, -30, 8, -19, 6, 1, 51, 7, -1, -35, -10, 18, 5, 22, 28, 6, 24, -28, -11, 17, 8, -27, -5, 12, -15};
weights_conv[12] = {67, 43, 19, 26, -13, 19, 11, 31, -14, 21, 21, -1, 26, -3, -22, -9, 28, 9, -36, -19, 15, -14, -29, -12, -1, 24, 28, 15, -31, 2, 13, 34, -28, -26};
weights_conv[13] = {-9, -16, 25, -14, -25, -28, 17, -4, -13, -36, -19, 20, 20, -34, -18, 20, 22, -8, -12, -9, 25, -45, -8, 12, 44, 21, -28, 12, -23, -13, 7, 3, 9, -25};
weights_conv[14] = {-7, 59, 8, 0, 8, 15, 12, -14, 38, 28, -17, 11, -22, -7, 14, 6, 11, 5, -8, 26, -30, 39, -2, 12, 21, -21, 16, -14, 19, 6, 7, -23, -16, 7};
weights_conv[15] = {-11, -16, 4, 8, 6, 14, -2, 41, 28, 17, 36, -6, 38, -15, 30, -10, -20, -20, 12, -9, 8, -15, -17, 34, -11, -4, -13, -35, 6, -13, 23, 24, -4, -16};
weights_conv[16] = {-46, 2, 51, -10, 6, -4, -19, -30, -34, -17, 18, 3, 39, 32, -12, -13, 7, -16, -34, 24, -17, 41, -7, 6, -14, 17, 22, -2, -8, -13, 9, -1, -6, -25};
weights_conv[17] = {3, 39, -8, 3, -12, -10, 23, 17, 8, 9, 0, 19, 13, 7, -11, 11, 13, -4, 6, 22, 22, -6, -8, -11, 0, 11, -1, 2, 4, -2, 5, 1, -11, 9};
weights_conv[18] = {83, -21, 24, 31, 15, -7, -25, 31, -18, 15, 15, 31, -25, -4, 0, 16, -11, -1, -5, 3, 42, -5, -10, 19, -11, -9, -20, -15, 0, -38, 36, 1, -32, -6};
weights_conv[19] = {-9, -4, -1, -10, 8, -3, -18, -6, 1, 4, -21, -20, -41, -1, -13, 17, 3, -1, -27, 10, 33, 25, 0, 20, -22, -3, 18, 7, 5, 1, -40, -26, -18, 27};
weights_conv[20] = {6, -31, -15, 12, 21, 26, 31, -28, -19, 30, 19, -2, -40, 37, 16, -3, 7, -34, 0, -16, -31, 16, -5, 24, 9, -27, 36, 7, 1, -2, 3, 3, 11, 4};
weights_conv[21] = {-9, -8, -12, 14, 11, 31, 27, 8, 14, 24, -13, 7, 38, 47, -6, -19, -1, -7, -2, 26, -32, 7, -3, 1, 20, -8, -14, -19, 28, -40, 1, 40, -13, -1};
weights_conv[22] = {15, -69, 11, -17, 23, -8, 27, 41, -8, -4, -7, 8, 13, -7, 9, 24, -22, 19, -38, 13, -13, 11, 6, 6, 23, 59, -29, 16, -1, -9, -37, -33, 5, 24};
weights_conv[23] = {-34, 150, 38, -17, 24, -14, 5, 1, 4, 15, -30, 11, -38, 11, -3, 5, 5, 4, -11, 15, 67, -6, 22, 27, -7, 2, -2, 6, 8, -38, 18, -2, 18, -15};
weights_conv[24] = {-40, 51, -20, 2, 12, -5, 8, 20, 38, -14, -23, 13, 32, 0, 4, 18, 27, 31, 31, -32, -23, -43, -23, 33, 13, -30, -27, 44, -5, 30, -19, 9, 11, 10};
weights_conv[25] = {1, -6, -21, -7, 10, 17, 11, 20, 15, 7, 7, 12, -2, -1, 21, 24, -5, -3, 11, -13, -14, 23, 31, 4, 1, 29, 11, 10, -20, 4, 10, 3, -15, 34};
weights_conv[26] = {-31, 9, -27, -9, -18, -8, -17, -2, -1, 18, -4, -10, -16, -7, 17, 9, 2, 21, -5, -6, 3, -3, -7, -25, -16, -15, -7, 11, -1, 9, -15, 18, 19, -5};
weights_conv[27] = {-1, 20, -27, 6, -4, 34, 10, -5, 8, -5, 12, 17, -6, 0, 31, -3, 6, 1, 5, 19, -17, -1, -10, -20, -7, -28, 34, 29, -25, -14, -9, 6, 37, 15};
weights_conv[28] = {120, -30, 1, 0, 14, -20, -13, -36, 20, 10, -13, -9, -4, -40, 15, -12, 27, 0, 30, -19, 57, 8, -50, 16, 2, 58, 19, -26, -37, -25, -10, -17, -32, 37};
weights_conv[29] = {40, -25, -2, 6, 22, 1, 53, -16, -24, -10, -19, -3, 9, 36, 11, -14, 11, 9, 19, -36, -2, -20, -15, 10, 20, -15, 2, 9, 12, -7, 25, -7, -28, -2};
weights_conv[30] = {-5, -75, -29, 18, 5, 12, 19, 3, -14, -8, -29, 16, 6, -2, 1, 18, -21, 32, 31, 2, 26, 2, -13, -5, 19, -8, 19, 34, 38, -2, 28, 2, 15, -6};
weights_conv[31] = {34, 62, 2, 7, -27, 3, 7, 13, -26, 15, -11, 11, -11, -31, -27, 34, 30, 0, 4, -11, -1, -10, -5, -2, 13, 6, 14, 40, 10, 20, 3, 17, 11, -30};

Bias (8 bit):
bias_conv = {-1071, -2929, -971, 174, -588, 1100, -2715, -1175, -915, -1814, -1790, -1228, 1001, -414, -1815, -597, -977, -1952, 539, -1519, -106, -391, -559, -795, -702, -1038, -1677, -2147, -585, 725, -2504, -2646};
Input range (8 bit):
 [-5, -4, -3, -2, -1, 0, 1, 2, 3, 4, 5, 6, 7, 8]
Output range (8 bit):
 [-92, -74, -55, -37, -18, 0, 18, 37, 55, 74, 92, 110, 129, 147]
