Input scale (32 bit):
 114134056
Input zero point:
 131
Weight scale (32 bit):
 58355840
Weight zero point:
 146
Output scale (32 bit):
 220292032
Output zero point:
 97
M Scales (32 bit):
 30234362
Weight (8 bit):
weights_conv[0] = {-30, -13, -4, -24, 24, -18, 18, -23, 5, 19, 11, -25, -5, -5, 14, -10, 15, 30};
weights_conv[1] = {28, 82, -20, 7, -40, -17, -5, -11, 17, -17, 44, 27, 24, 3, 10, 19, 10, 12};
weights_conv[2] = {-13, -144, 28, -3, 27, -48, -23, -5, -41, 17, 30, 25, -33, 33, 20, -13, 12, -17};
weights_conv[3] = {35, -35, 4, 12, 32, 9, -13, -14, 31, 7, 11, -30, -16, 19, -6, -38, -20, -2};
weights_conv[4] = {34, -14, 61, -22, 9, -9, -34, 45, -4, -22, -7, 4, 21, 22, -29, 22, -19, -24};
weights_conv[5] = {-4, -12, 10, -21, 7, -29, 2, -17, 21, 7, 34, -18, -14, 13, 9, -27, -14, -15};
weights_conv[6] = {37, 6, -57, 59, -33, 51, 32, -32, 62, -11, -12, 43, -61, -31, 35, 16, 2, 21};
weights_conv[7] = {-35, 107, 36, 0, -15, -27, -44, 44, 0, 15, -18, -4, 24, -22, -5, 4, 23, -31};
weights_conv[8] = {14, -26, -35, 13, -14, 27, -53, 33, 3, -22, -63, -37, 22, 32, 28, -28, 31, 17};
weights_conv[9] = {-1, 3, 20, 5, -5, -6, -14, -5, -16, -10, -19, 8, -21, 6, -11, -15, 7, -12};
weights_conv[10] = {-65, -13, 20, 10, 26, -37, -27, 21, -29, 7, 51, 27, 29, 30, 0, -26, 7, -39};
weights_conv[11] = {-22, -7, 17, 15, 17, 15, 14, 9, -7, 21, 5, 21, -17, -20, 12, 24, 18, -4};
weights_conv[12] = {51, 0, -12, 25, 20, 27, -21, -20, -15, -17, 12, 24, -9, -18, -9, -3, 11, -37};
weights_conv[13] = {7, -5, 32, -14, -12, 41, 32, -25, -29, 52, 31, 48, 35, -39, -19, 18, -13, -33};
weights_conv[14] = {-20, -27, -23, 13, 30, -18, -9, -10, -18, -14, -20, 56, 1, -31, 39, -17, -7, 59};
weights_conv[15] = {25, 58, -10, 1, -31, 30, 23, 17, -13, -17, 30, -21, -18, -16, -1, -22, -5, -21};
weights_conv[16] = {-13, 28, 16, 69, -28, 71, 70, 27, -27, 18, -5, 37, 100, -2, -8, -64, -23, -53};
weights_conv[17] = {-16, 17, -6, -1, 8, -9, 4, 9, 6, -10, 4, -17, 28, 22, -1, -3, 21, 18};
weights_conv[18] = {-1, 0, -26, 4, 0, -5, 4, -13, -4, -16, 5, -16, -4, -2, -11, -3, 2, -6};
weights_conv[19] = {-21, 36, -29, -9, -18, -1, 3, 22, -23, -25, -14, -37, 27, 9, 27, -32, 11, 18};
weights_conv[20] = {-15, 30, 32, 19, -33, -18, -3, 33, 33, -60, -13, -8, -27, 43, 51, 3, -45, -42};
weights_conv[21] = {-1, -61, 29, -25, 17, 46, 53, -22, -57, -15, 7, -18, 25, 48, -24, -17, -20, 58};
weights_conv[22] = {-44, -27, -48, 0, -21, -22, -16, -69, 0, -4, 19, -13, -8, -18, 22, 53, 64, 54};
weights_conv[23] = {51, -70, 14, -22, 29, 17, 17, 4, 6, 32, 17, -29, 22, -1, -29, -6, 23, 38};
weights_conv[24] = {-10, -69, 13, 22, 33, -19, 56, -1, 25, -13, -55, -16, 8, -22, 14, 20, -3, -16};
weights_conv[25] = {-5, -6, 20, -12, -17, 16, -38, -6, 15, -17, 9, 17, 6, 1, -34, 37, -21, 8};
weights_conv[26] = {10, 9, 7, -26, 19, 12, 16, -21, 18, 20, -42, -11, -34, -3, -15, 2, 1, 13};
weights_conv[27] = {11, 29, 22, -31, -2, -26, -15, -19, 5, -13, 35, -18, 33, 28, 1, 11, 10, -23};
weights_conv[28] = {16, 41, 30, -15, -1, -1, -13, 17, -32, 1, -14, -25, 11, 0, -2, 37, -5, 7};
weights_conv[29] = {-13, 24, 7, 21, 3, 12, -10, -25, 23, -3, -15, -8, -5, -2, -4, -23, -9, -7};
weights_conv[30] = {-37, 25, 12, 10, -36, 2, -28, 27, -10, -24, -10, 9, 5, 13, 14, -4, 8, 8};
weights_conv[31] = {-7, -20, -2, 25, -13, 3, -1, -16, 17, 7, 15, -6, 5, 31, 4, -3, 12, 22};

Bias (8 bit):
bias_conv = {-3575, 228, 981, 112, -224, 1021, 91, -877, -4031, 492, -3342, 898, 2099, 2647, -2454, -5584, 1480, -17, -3049, 1242, -4047, -2139, 2414, 2269, 810, -1209, 1678, -423, -63, 720, -1902, -572};
Input range (8 bit):
 [-3, -2, -1, 0, 1, 2, 3]
Output range (8 bit):
 [-113, -75, -38, 0, 38, 75, 113]
