Input scale (32 bit):
 220292032
Input zero point:
 97
Weight scale (32 bit):
 33183830
Weight zero point:
 120
Output scale (32 bit):
 233625232
Output zero point:
 99
M Scales (32 bit):
 31289998
Weight (8 bit):
weights_conv[0] = {9, -63, 25, -1, 10, 33, -12, -37, -43, -32, 14, 27, 1, 20, 8, -22, -1, 22, 10, 19, -1, -7, -11, -2, -1, 47, -17, 16, -6, 28, -16, 2, 12, 5};
weights_conv[1] = {28, -20, -6, -23, -25, -4, 19, 18, -35, 0, -2, -9, 0, -12, -5, 24, -6, 5, 11, 1, -7, -23, 5, -6, -24, -3, 1, -19, 10, -6, 5, -17, 3, 21};
weights_conv[2] = {-37, 5, 44, -35, -9, -39, -53, 2, -7, -1, 6, -18, 47, 9, 18, 0, -35, -19, 21, -21, 46, -42, 11, -47, -29, 17, -14, -4, 4, -39, -30, 32, -31, 3};
weights_conv[3] = {-51, -77, -14, 34, -11, 44, -17, -13, 31, 68, 5, 41, 0, -1, -10, 26, -8, -23, -1, 34, 31, 0, 28, -12, 27, -13, -23, 21, -25, 17, 3, -5, -23, 23};
weights_conv[4] = {0, 1, -17, -29, -14, 12, 28, 0, 9, 27, 6, -10, -7, 11, 20, 4, 7, 10, 8, -34, -16, -13, -16, 23, -22, -22, -16, -14, 40, 22, -10, 2, 12, -15};
weights_conv[5] = {-114, 27, 34, 17, -1, 14, -9, -18, -25, -9, 25, 17, -13, 8, 48, -43, 33, -34, -7, 13, -18, -12, 15, 10, -4, 29, 43, -31, 16, -47, -43, 34, 21, -29};
weights_conv[6] = {10, 29, 3, -20, -26, 5, 44, 1, 9, -15, 17, 29, 24, -18, -10, -5, 29, -14, -22, -5, -7, 27, -22, 2, -7, -42, -12, -8, 8, 10, 3, -6, 21, 32};
weights_conv[7] = {-15, -1, 11, 9, 31, 22, -22, -6, -2, 20, 17, 54, -9, 24, 18, 37, 2, -5, -19, 38, -1, 29, 5, -6, -8, 33, 4, 36, 9, -4, -6, -26, -6, 41};
weights_conv[8] = {2, -63, 16, 12, -11, 39, -9, 5, 17, 8, -6, -16, -7, 22, 13, -25, 4, -26, 19, -20, -8, -18, -37, 0, 22, 17, 18, -19, -33, 29, 25, 58, 10, -2};
weights_conv[9] = {4, -41, -31, -12, 9, 5, -11, -5, 19, -24, -21, 3, -9, -7, -7, -16, -9, -14, -31, -5, -45, -16, -36, -2, 6, -7, -1, 6, -13, -12, 8, -17, 4, 21};
weights_conv[10] = {-20, 4, -22, 13, 4, -6, -19, -9, -2, -2, -20, -16, -19, 9, 8, 9, -20, -7, 16, 21, -1, 2, -10, -22, 47, -7, 6, 6, -39, 13, -27, 13, -25, -19};
weights_conv[11] = {-4, -27, -10, 7, -15, 19, 56, -4, -15, 39, 28, -36, -14, 21, -10, 16, -20, 2, -17, -23, -24, 11, 19, 17, 5, 10, 46, 21, 25, 13, 47, 13, -12, 7};
weights_conv[12] = {5, -18, -8, 18, -10, -14, 9, -37, -22, 5, 10, -36, -38, 24, 29, -25, 29, 9, -16, 26, -22, 28, -22, 25, 18, 56, 41, 22, 31, -22, 33, -6, 0, 18};
weights_conv[13] = {10, 41, -3, 57, -18, 22, -50, -3, -38, 32, 32, -5, 16, 36, 29, 28, -12, 5, 2, -24, -7, -4, -10, -19, 25, -22, 31, -1, -57, 46, -5, 10, -11, -54};
weights_conv[14] = {-40, 25, 13, 26, -5, 11, 8, -21, -18, -13, 10, -43, 13, -6, -3, 17, -23, 17, 6, 16, 6, -8, 13, 30, -18, 47, 23, -11, -21, 6, -15, -17, 10, -25};
weights_conv[15] = {18, -45, 25, 21, 4, -8, 28, 17, 23, -18, 40, 7, 22, 1, -1, -33, -1, 44, -12, 14, 24, -11, 2, -13, -11, -10, 5, -57, 19, -27, 19, 14, 10, 36};
weights_conv[16] = {-1, -26, 9, -23, 10, -2, 10, 12, -17, 7, 11, -10, 7, -14, -10, -6, 18, -6, -6, 4, -2, -18, -13, -2, 0, -13, -19, -14, 26, -26, 0, -10, -17, 12};
weights_conv[17] = {46, 65, -17, 33, -19, -39, 49, -5, -35, -16, 10, 31, -17, -28, 11, -25, 7, -12, 50, 36, 46, 10, -23, -12, 16, 7, 16, 4, 7, -6, 9, -43, 25, -16};
weights_conv[18] = {25, 132, 14, 30, 9, 11, 5, -29, -41, -19, -24, -2, -6, -50, -17, 11, -15, -4, 39, -6, -20, -8, -10, -5, -9, -31, 48, -49, 32, 28, -18, 31, 80, 23};
weights_conv[19] = {-54, 3, 10, -6, 1, -19, -13, -28, 0, 2, -12, 8, -2, -3, 29, 21, 4, -1, -6, -21, -30, -1, -10, -4, -30, -20, -18, -10, 2, 2, 6, -21, 4, 12};
weights_conv[20] = {-37, -10, 1, 53, -4, -18, 20, 0, 25, -29, -22, -12, -19, -21, -15, -1, -26, 7, -1, 36, 15, -12, 23, 19, 5, 16, 2, 42, -25, -41, -8, 15, 5, 13};
weights_conv[21] = {-64, -49, 13, 2, -32, 6, 8, -6, 39, -42, -27, -11, 24, -17, 11, 25, -53, 22, 19, -18, 32, -4, 12, 17, 6, -29, -22, 3, 34, 34, -16, 52, 26, -7};
weights_conv[22] = {3, -117, -27, -9, 6, -5, 5, -26, -25, -19, 32, -15, 27, 4, -25, -33, 7, 8, 29, -26, 4, -29, -6, 29, 12, -10, -1, 1, 28, 7, 22, 62, 15, 9};
weights_conv[23] = {52, 6, -30, 2, -26, 23, 0, 23, -3, -47, -4, -28, 10, 6, -15, -15, 1, 28, 21, 21, 47, 18, 28, 4, -8, -20, -3, 20, -30, -10, 5, -17, -26, -11};
weights_conv[24] = {-32, 66, -16, 28, 1, -7, 4, 13, -41, 17, -49, -8, -20, 37, 52, 46, -14, 30, 8, -31, 22, -6, 17, -31, 11, -11, -4, 31, 31, -27, 25, -27, 24, -36};
weights_conv[25] = {-16, 55, 39, 10, 32, -2, -20, -29, 10, -5, 2, -34, 33, 34, 29, -8, 32, 84, 13, -36, 45, 13, -44, 31, 2, 4, -2, -30, 6, -68, 12, -4, -7, -19};
weights_conv[26] = {29, 56, 7, 0, -1, 48, -16, -8, 32, 22, -6, -1, 12, -25, -18, -16, 18, 17, 22, 0, 27, -3, -1, -16, 9, -25, 12, -4, -22, 19, -31, 10, 23, -22};
weights_conv[27] = {115, 43, 20, 11, 3, -5, 0, 28, 57, -53, 44, -25, -45, -40, -22, -45, 18, -1, 43, -13, 10, 36, -23, -16, -13, 20, -1, 53, -17, -32, -6, 23, 47, -11};
weights_conv[28] = {-22, 2, -42, -5, 2, -8, -13, -11, -14, 23, -11, 30, -8, -23, 20, -17, -9, 6, -28, 3, -12, 13, -42, -37, 2, -16, 11, 15, 5, 6, 0, -30, 16, 32};
weights_conv[29] = {49, -31, 4, 9, -6, 26, -40, 3, -12, -35, 33, -33, -17, 19, -15, -29, 14, -3, -24, 8, 7, -3, -34, -7, -13, 36, -17, 20, -47, -25, -4, 4, -19, -10};
weights_conv[30] = {-15, -21, -5, -4, -9, -26, 24, 11, -13, 11, -19, 32, 30, -39, 16, 10, -13, -24, 11, 17, 10, 24, -25, -24, 21, -40, 10, 18, -25, -6, -21, 21, -10, 4};
weights_conv[31] = {10, 13, 13, 28, -7, 4, -10, 19, 26, -10, -30, -12, 24, -25, -19, -17, -3, -6, 10, 18, -6, 10, -9, -7, 27, 14, 3, 16, -17, 8, 6, 7, -14, -18};

Bias (8 bit):
bias_conv = {-252, -261, 2247, 963, -219, -1218, -596, -3, 728, -617, -2025, -989, 1538, 53, -623, 1307, -1944, -822, -659, -1291, -3108, 893, 2603, -1060, -2642, -555, -1044, 330, -2409, 1651, 1025, -1385};
Input range (8 bit):
 [-4, -3, -2, -1, 0, 1, 2, 3, 4, 5, 6, 7, 8]
Output range (8 bit):
 [-78, -58, -39, -19, 0, 19, 39, 58, 78, 97, 117, 136, 156]
