Input scale (32 bit):
 409044544
Input zero point:
 31
Weight scale (32 bit):
 221634800
Weight zero point:
 30
Output scale (32 bit):
 589991872
Output zero point:
 31
M Scales (32 bit):
 153660592
Weight (6 bit):
weights_conv[0] = {-3, -2, -6, -1, -9, -5, -7, 2, -6, 2, -2, -1, 2, -6, -2, -7, 0, 5, 1, 7};
weights_conv[1] = {6, 15, 8, -3, -6, 8, -4, 1, 5, 6, 4, 1, 2, -2, 4, -7, -5, 3, 2, 6};
weights_conv[2] = {-18, 17, 9, 2, 4, -2, 1, 4, -1, 4, 4, 11, -2, -5, 1, 1, 9, -7, -3, -1};
weights_conv[3] = {-1, -25, -1, 3, -1, 7, 4, 7, -5, -3, -4, 0, 2, 6, 2, -5, 0, 4, 4, -3};
weights_conv[4] = {-1, -9, -1, 9, 1, -6, 3, -16, -2, -1, 4, -1, -6, 11, 5, 10, 10, -13, -7, 1};
weights_conv[5] = {0, -3, 1, -3, -2, -4, -2, -4, -2, -2, 1, -3, -3, -2, -3, -6, -3, 6, 0, -4};
weights_conv[6] = {-2, 3, 3, -2, -3, -6, -1, -5, 0, 2, -2, -3, -6, 2, 1, 2, -2, -3, 3, -8};
weights_conv[7] = {0, -6, 2, -10, 10, 5, -4, 2, 11, 6, 8, -5, 1, 8, 1, 3, 6, 2, -5, 1};
weights_conv[8] = {-3, -1, -3, -3, 0, -3, -3, 5, -14, 0, 2, 0, -9, 9, -9, 0, 4, 1, -1, 4};
weights_conv[9] = {-3, 1, -1, 0, -5, -6, -3, -6, 1, 2, 2, -3, 1, 1, -1, -4, -4, -1, -1, -3};
weights_conv[10] = {2, 1, -6, -4, 0, 0, 6, -5, -1, 2, -10, 4, 8, 0, -4, -2, -8, 3, -6, 5};
weights_conv[11] = {2, -1, 1, -4, 4, 9, 4, -3, -6, 3, -1, 1, -1, 6, -3, 1, 0, 6, -2, 2};
weights_conv[12] = {1, 33, 4, -1, -9, -4, 0, -2, -3, -5, -4, 1, 5, 0, 3, 3, 2, 5, 8, 9};
weights_conv[13] = {4, 1, 3, -4, 5, -7, 1, -3, 5, 2, 6, -3, 2, 3, 2, -8, 5, 1, -5, -4};
weights_conv[14] = {19, 6, -6, 8, -6, -5, -6, 0, 4, 6, 8, -6, 5, 1, 8, -8, -10, -4, 3, -1};
weights_conv[15] = {-30, -4, 1, 5, -4, 0, -1, 4, -3, -9, 7, 1, 1, 12, -8, -4, 6, -5, 3, 5};
weights_conv[16] = {3, -8, 8, -5, 3, 6, 6, 0, 3, -5, 4, 7, -1, -1, 4, 3, 4, -4, 0, 4};
weights_conv[17] = {-8, -4, -3, 3, -5, -9, 2, 5, 2, 7, 1, 6, 7, 9, 4, -1, -4, 2, -1, -3};
weights_conv[18] = {-2, 2, -5, -2, 5, 0, 0, -4, -2, 0, -4, -3, -5, -3, -5, 6, 2, -2, 3, 1};
weights_conv[19] = {29, 3, -3, 1, -7, 0, 3, -1, -4, 3, 4, -1, 8, -4, 6, 3, -4, 5, 2, 6};
weights_conv[20] = {2, -25, 3, 7, -2, 2, -2, -8, 11, 3, 5, -1, -4, 6, 0, 1, 4, 5, -7, 0};
weights_conv[21] = {0, -26, 3, 11, -10, -11, 10, 1, -12, 1, 7, 1, 13, -5, 0, -5, -13, -1, 5, -2};
weights_conv[22] = {-3, 3, 4, -4, -2, -5, -3, -3, 3, 1, 3, 3, 5, -7, 3, -7, 2, 1, -8, -2};
weights_conv[23] = {-24, 1, 9, -8, -2, 2, -4, -7, 2, 1, -5, -7, 5, 5, -1, 13, 8, 9, 7, 3};
weights_conv[24] = {10, 12, -8, -8, 4, 0, 3, -11, 3, -11, 2, 2, -3, 12, -4, 4, 9, 4, 4, 0};
weights_conv[25] = {8, -8, -3, -2, 10, 8, -7, -5, -2, 17, 2, 2, 14, -11, 8, 19, -2, -15, -1, -9};
weights_conv[26] = {-6, 1, -5, 3, 5, -10, -1, -5, 0, -3, 7, -3, 1, 3, 5, -1, 1, -1, 1, -4};
weights_conv[27] = {3, -6, -1, 4, -3, 4, -4, 3, 4, 5, -2, 5, 2, 2, -4, -1, 3, 1, 3, 6};
weights_conv[28] = {-1, 0, -4, -4, 1, 0, -6, 0, -4, 0, -1, 0, 2, 3, -3, 8, -1, -2, -8, 0};
weights_conv[29] = {-5, 4, -6, 2, -8, 2, 8, 4, 3, 2, 0, -5, -1, -2, -7, 4, 0, -3, 0, -5};
weights_conv[30] = {-1, 8, -4, -5, -4, -2, 0, -2, 5, -4, 6, 7, 3, -6, 8, 2, 5, 8, 0, -3};
weights_conv[31] = {-1, 4, -5, -2, -5, 2, 3, -4, -6, 7, 2, 3, -7, 1, 4, 4, -7, 2, -1, -4};
weights_conv[32] = {10, 2, -1, -1, -6, -10, 7, 0, -3, -3, 5, -3, 5, -5, 6, -2, 3, 1, 8, 6};
weights_conv[33] = {8, 2, -6, 6, -7, 4, 2, 8, 6, 5, 1, -6, -10, -3, -8, -1, -9, -2, 10, 5};
weights_conv[34] = {11, -2, 2, 3, 5, 3, 1, 2, -2, 2, 3, 3, 4, 1, 5, 3, 3, -3, -2, 2};
weights_conv[35] = {4, 8, 1, 3, 10, 4, 9, -2, -1, -4, -4, 3, -2, 0, 0, -6, 4, 7, -1, 5};

Bias (6 bit):
bias_conv = {-252, -378, 65, -105, 134, -188, 109, 166, -281, 36, -281, -26, -290, 136, 36, -207, -211, 199, -281, -340, -105, 71, -10, -93, -154, 205, 268, 199, -429, 284, 299, -1, -162, -305, -286, 305};
Input range (6 bit):
 [-3, -2, -1, 0, 1, 2, 3]
Output range (6 bit):
 [-31, -21, -10, 0, 11, 21, 31]
