[67, 65, 0] [122, 122, 152, 122, 177, 122, 157, 122, 153, 122, 156, 122, 123, 122, 137, 122]
[74, 64, 0] [148, 136, 122, 160, 122, 135, 122, 155, 122, 155, 122, 132, 122, 137, 122, 140]
[56, 65, 0] [122, 122, 152, 122, 177, 122, 157, 122, 153, 122, 156, 122, 123, 122, 137, 122]
[75, 52, 0] [148, 136, 122, 160, 122, 135, 122, 155, 122, 155, 122, 132, 122, 137, 122, 140]
[57, 72, 0] [122, 122, 152, 122, 177, 122, 157, 122, 153, 122, 156, 122, 123, 122, 137, 122]
[69, 66, 0] [177, 122, 190, 122, 185, 122, 166, 122, 153, 122, 156, 174, 123, 122, 140, 185]
[54, 68, 0] [122, 122, 152, 122, 177, 122, 157, 122, 153, 122, 156, 122, 123, 122, 137, 122]
[33, 10, 0] [122, 122, 152, 122, 177, 122, 157, 122, 153, 122, 156, 122, 123, 122, 137, 122]
[53, 66, 1] [122, 140, 152, 129, 177, 122, 183, 122, 205, 122, 156, 122, 123, 212, 176, 122]
[53, 71, 1] [122, 122, 152, 122, 177, 122, 157, 122, 153, 122, 156, 122, 123, 122, 137, 122]
[54, 71, 1] [137, 122, 171, 122, 177, 122, 171, 122, 153, 122, 156, 148, 123, 122, 152, 132]
[55, 72, 1] [177, 122, 190, 122, 186, 175, 166, 122, 217, 122, 192, 174, 163, 167, 140, 185]
[54, 73, 2] [158, 122, 169, 122, 199, 150, 157, 128, 174, 122, 187, 128, 185, 122, 137, 199]
[71, 58, 2] [122, 122, 152, 122, 177, 122, 157, 122, 153, 122, 156, 122, 123, 122, 137, 122]
[75, 58, 2] [148, 136, 122, 160, 122, 135, 122, 155, 122, 155, 122, 132, 122, 137, 122, 140]
[76, 54, 2] [197, 136, 122, 160, 122, 135, 122, 194, 122, 189, 122, 147, 157, 137, 122, 226]
[69, 65, 2] [166, 139, 191, 122, 177, 122, 185, 122, 163, 122, 156, 183, 123, 153, 166, 152]
[76, 49, 3] [148, 136, 122, 160, 122, 135, 122, 155, 122, 155, 122, 132, 122, 137, 122, 140]
[69, 69, 3] [122, 122, 152, 122, 177, 122, 157, 122, 153, 122, 156, 122, 123, 122, 137, 122]
[70, 63, 3] [122, 173, 174, 134, 177, 122, 210, 122, 153, 122, 156, 168, 123, 164, 205, 122]
[71, 72, 3] [122, 122, 152, 122, 177, 122, 157, 122, 153, 122, 156, 122, 123, 122, 137, 122]
[69, 53, 3] [148, 136, 122, 160, 122, 135, 122, 155, 122, 155, 122, 132, 122, 137, 122, 140]
[52, 73, 3] [122, 122, 152, 122, 200, 175, 157, 122, 217, 122, 200, 122, 205, 167, 137, 160]
[67, 77, 4] [122, 122, 152, 122, 177, 122, 157, 122, 153, 122, 156, 122, 123, 122, 137, 122]
[54, 71, 4] [145, 191, 194, 136, 177, 122, 223, 122, 173, 122, 156, 203, 123, 188, 219, 122]
[71, 58, 4] [122, 122, 152, 122, 177, 122, 157, 122, 153, 122, 156, 122, 123, 122, 137, 122]
[70, 66, 4] [147, 122, 170, 122, 186, 122, 157, 122, 153, 122, 156, 138, 134, 122, 137, 165]
[75, 62, 4] [148, 136, 122, 160, 122, 135, 122, 155, 122, 155, 122, 132, 122, 137, 122, 140]
[81, 56, 5] [148, 136, 122, 160, 122, 135, 122, 155, 122, 155, 122, 132, 122, 137, 122, 140]
[55, 72, 5] [147, 122, 170, 122, 186, 122, 157, 122, 153, 122, 156, 138, 134, 122, 137, 165]
[75, 51, 5] [148, 136, 122, 160, 122, 190, 122, 182, 122, 163, 148, 132, 197, 137, 122, 187]
[75, 60, 5] [148, 187, 122, 198, 122, 135, 136, 155, 131, 155, 122, 152, 122, 206, 159, 140]
[69, 64, 6] [122, 140, 152, 129, 177, 122, 183, 122, 205, 122, 156, 122, 123, 212, 176, 122]
[70, 66, 6] [158, 122, 169, 122, 197, 122, 157, 128, 153, 122, 165, 128, 165, 122, 137, 199]
[54, 67, 6] [122, 122, 152, 122, 177, 122, 157, 122, 153, 122, 156, 122, 123, 122, 137, 122]
[55, 71, 7] [122, 130, 154, 122, 177, 122, 177, 122, 163, 122, 156, 123, 123, 153, 164, 122]
[70, 53, 7] [148, 136, 122, 160, 122, 135, 122, 155, 122, 155, 122, 132, 122, 137, 122, 140]
[63, 76, 7] [122, 122, 152, 122, 177, 122, 157, 122, 153, 122, 156, 122, 123, 122, 137, 122]
[68, 72, 7] [122, 122, 152, 122, 177, 122, 157, 122, 153, 122, 156, 122, 123, 122, 137, 122]
[54, 71, 7] [122, 122, 152, 122, 179, 140, 163, 122, 195, 122, 174, 122, 143, 177, 149, 122]
[71, 58, 7] [122, 122, 152, 122, 177, 122, 157, 122, 153, 122, 156, 122, 123, 122, 137, 122]
[68, 69, 8] [122, 122, 152, 122, 177, 122, 157, 122, 153, 122, 156, 122, 123, 122, 137, 122]
[69, 65, 8] [122, 122, 152, 122, 188, 130, 163, 122, 195, 122, 169, 122, 154, 177, 149, 145]
[55, 72, 8] [147, 122, 170, 122, 188, 122, 157, 122, 153, 122, 169, 138, 154, 122, 137, 165]
[76, 55, 9] [148, 136, 122, 160, 122, 135, 122, 155, 122, 155, 122, 132, 122, 137, 122, 140]
[73, 51, 9] [148, 136, 122, 160, 122, 135, 122, 155, 122, 155, 122, 132, 122, 137, 122, 140]
[75, 57, 9] [148, 136, 122, 160, 122, 190, 122, 182, 122, 163, 148, 132, 197, 137, 122, 187]
[68, 66, 9] [122, 122, 152, 122, 189, 150, 157, 122, 174, 122, 187, 122, 174, 122, 137, 126]
[41, 79, 9] [122, 122, 152, 122, 177, 122, 157, 122, 153, 122, 156, 122, 123, 122, 137, 122]
[53, 71, 9] [122, 122, 152, 122, 180, 175, 157, 122, 227, 122, 192, 122, 163, 201, 137, 122]
[57, 74, 9] [187, 122, 189, 122, 196, 122, 157, 134, 153, 127, 156, 163, 145, 122, 137, 218]
[70, 66, 9] [166, 139, 191, 122, 186, 122, 185, 122, 153, 122, 156, 183, 134, 122, 166, 165]
[29, 114, 9] [122, 122, 152, 122, 177, 122, 157, 122, 153, 122, 156, 122, 123, 122, 137, 122]
[69, 69, 9] [137, 122, 171, 122, 177, 122, 171, 122, 153, 122, 156, 148, 123, 122, 152, 132]
[19, 104, 9] [122, 122, 152, 122, 177, 122, 157, 122, 153, 122, 156, 122, 123, 122, 137, 122]
[56, 90, 9] [122, 122, 152, 122, 177, 122, 157, 122, 153, 122, 156, 122, 123, 122, 137, 122]
[101, 94, 10] [122, 122, 152, 122, 177, 122, 157, 122, 153, 122, 156, 122, 123, 122, 137, 122]
[66, 77, 10] [122, 122, 152, 122, 177, 122, 157, 122, 153, 122, 156, 122, 123, 122, 137, 122]
[52, 76, 10] [122, 122, 152, 122, 177, 122, 157, 122, 153, 122, 156, 122, 123, 122, 137, 122]
[73, 113, 10] [148, 136, 122, 160, 122, 135, 122, 155, 122, 155, 122, 132, 122, 137, 122, 140]
[71, 52, 10] [148, 136, 122, 160, 122, 215, 122, 159, 165, 155, 152, 132, 186, 151, 122, 140]
[58, 64, 11] [148, 136, 122, 160, 122, 135, 122, 155, 122, 155, 122, 132, 122, 137, 122, 140]
[71, 72, 11] [122, 122, 152, 122, 177, 122, 157, 122, 153, 122, 156, 122, 123, 122, 137, 122]
[27, 28, 11] [122, 122, 152, 122, 177, 122, 157, 122, 153, 122, 156, 122, 123, 122, 137, 122]
[70, 61, 12] [122, 122, 152, 122, 177, 122, 157, 122, 153, 122, 156, 122, 123, 122, 137, 122]
[60, 90, 12] [122, 122, 152, 122, 177, 122, 157, 122, 153, 122, 156, 122, 123, 122, 137, 122]
[70, 66, 12] [122, 122, 152, 122, 177, 122, 157, 122, 153, 122, 156, 122, 123, 122, 137, 122]
[55, 73, 12] [122, 122, 152, 122, 177, 122, 157, 122, 153, 122, 156, 122, 123, 122, 137, 122]
[1, 105, 12] [122, 122, 152, 122, 177, 122, 157, 122, 153, 122, 156, 122, 123, 122, 137, 122]
[69, 65, 12] [122, 122, 152, 122, 177, 130, 163, 122, 195, 122, 161, 122, 123, 177, 149, 122]
[55, 72, 13] [122, 130, 154, 122, 177, 122, 177, 122, 163, 122, 156, 123, 123, 153, 164, 122]
[49, 82, 13] [122, 122, 152, 122, 177, 122, 157, 122, 153, 122, 156, 122, 123, 122, 137, 122]
[51, 73, 13] [122, 122, 152, 122, 177, 122, 157, 122, 153, 122, 156, 122, 123, 122, 137, 122]
[71, 58, 13] [122, 122, 152, 122, 177, 122, 157, 122, 153, 122, 156, 122, 123, 122, 137, 122]
[54, 71, 13] [122, 140, 152, 129, 177, 130, 183, 122, 205, 122, 161, 122, 123, 212, 176, 122]
[21, 26, 13] [122, 122, 152, 122, 177, 122, 157, 122, 153, 122, 156, 122, 123, 122, 137, 122]
[60, 75, 14] [122, 122, 152, 122, 177, 122, 157, 122, 153, 122, 156, 122, 123, 122, 137, 122]
[39, 80, 14] [122, 122, 152, 122, 177, 122, 157, 122, 153, 122, 156, 122, 123, 122, 137, 122]
[76, 53, 14] [148, 136, 122, 160, 122, 135, 122, 155, 122, 155, 122, 132, 122, 137, 122, 140]
[69, 97, 15] [122, 122, 152, 122, 177, 122, 157, 122, 153, 122, 156, 122, 123, 122, 137, 122]
[68, 76, 15] [122, 122, 152, 122, 177, 122, 157, 122, 153, 122, 156, 122, 123, 122, 137, 122]
[55, 77, 15] [122, 122, 152, 122, 177, 122, 157, 122, 153, 122, 156, 122, 123, 122, 137, 122]
[70, 66, 15] [122, 122, 152, 122, 177, 122, 157, 122, 153, 122, 156, 122, 123, 122, 137, 122]
[51, 69, 15] [122, 122, 152, 122, 177, 122, 157, 122, 153, 122, 156, 122, 123, 122, 137, 122]
[69, 63, 15] [122, 122, 152, 122, 177, 122, 157, 122, 153, 122, 156, 122, 123, 122, 137, 122]
[26, 4, 15] [122, 122, 152, 122, 177, 122, 157, 122, 153, 122, 156, 122, 123, 122, 137, 122]
[61, 77, 15] [158, 122, 169, 122, 197, 122, 157, 128, 153, 122, 165, 128, 165, 122, 137, 199]
[69, 69, 16] [122, 122, 152, 122, 177, 122, 157, 122, 153, 122, 156, 122, 123, 122, 137, 122]
[68, 71, 16] [122, 122, 152, 122, 200, 160, 157, 122, 164, 122, 200, 122, 205, 122, 137, 160]
[59, 77, 16] [122, 122, 152, 122, 200, 175, 157, 122, 217, 122, 200, 122, 205, 167, 137, 160]
[49, 81, 16] [122, 122, 152, 122, 177, 122, 157, 122, 153, 122, 156, 122, 123, 122, 137, 122]
[54, 70, 16] [122, 122, 152, 122, 177, 122, 157, 122, 153, 122, 156, 122, 123, 122, 137, 122]
[73, 113, 17] [122, 122, 152, 122, 177, 122, 157, 122, 153, 122, 156, 122, 123, 122, 137, 122]
[75, 65, 17] [148, 136, 122, 160, 122, 135, 122, 155, 122, 155, 122, 132, 122, 137, 122, 140]
[55, 72, 18] [158, 122, 169, 122, 197, 122, 157, 128, 153, 122, 165, 128, 165, 122, 137, 199]
[53, 68, 18] [122, 140, 152, 129, 177, 122, 183, 122, 205, 122, 156, 122, 123, 212, 176, 122]
[68, 68, 18] [122, 122, 152, 122, 177, 130, 163, 122, 195, 122, 161, 122, 123, 177, 149, 122]
[53, 71, 18] [140, 122, 152, 122, 210, 165, 157, 138, 227, 122, 195, 122, 217, 201, 137, 212]
[53, 75, 19] [122, 122, 152, 122, 177, 122, 157, 122, 153, 122, 156, 122, 123, 122, 137, 122]
[79, 55, 20] [148, 136, 122, 160, 122, 135, 122, 155, 122, 155, 122, 132, 122, 137, 122, 140]
[75, 52, 20] [148, 136, 122, 160, 122, 135, 122, 155, 122, 155, 122, 132, 122, 137, 122, 140]
[69, 65, 20] [122, 122, 152, 122, 177, 122, 157, 122, 153, 122, 156, 122, 123, 122, 137, 122]
[54, 70, 20] [158, 147, 173, 129, 197, 122, 190, 128, 205, 122, 165, 158, 165, 212, 178, 199]
[76, 54, 20] [197, 136, 122, 160, 122, 135, 122, 194, 122, 189, 122, 147, 157, 137, 122, 226]
[109, 68, 20] [122, 122, 152, 122, 177, 122, 157, 122, 153, 122, 156, 122, 123, 122, 137, 122]
[70, 66, 20] [147, 122, 170, 122, 186, 122, 157, 122, 153, 122, 156, 138, 134, 122, 137, 165]
[71, 61, 20] [122, 122, 152, 122, 177, 122, 157, 122, 153, 122, 156, 122, 123, 122, 137, 122]
[56, 90, 21] [148, 136, 122, 160, 122, 135, 122, 155, 122, 155, 122, 132, 122, 137, 122, 140]
[70, 64, 21] [126, 157, 173, 131, 177, 122, 196, 122, 173, 122, 156, 158, 123, 188, 190, 122]
[56, 65, 22] [122, 122, 152, 122, 177, 122, 157, 122, 153, 122, 156, 122, 123, 122, 137, 122]
[69, 65, 23] [122, 122, 152, 122, 189, 150, 157, 122, 174, 122, 187, 122, 174, 122, 137, 126]
[57, 63, 23] [148, 173, 174, 160, 154, 135, 210, 155, 142, 155, 122, 168, 122, 164, 205, 140]
[89, 2, 23] [122, 122, 152, 122, 177, 122, 157, 122, 153, 122, 156, 122, 123, 122, 137, 122]
[54, 71, 23] [122, 122, 152, 122, 177, 122, 157, 122, 153, 122, 156, 122, 123, 122, 137, 122]
[54, 70, 24] [122, 130, 154, 122, 177, 122, 177, 122, 163, 122, 156, 123, 123, 153, 164, 122]
[56, 72, 24] [187, 122, 190, 122, 196, 122, 166, 134, 153, 127, 156, 174, 145, 122, 140, 218]
[109, 45, 25] [148, 136, 122, 160, 122, 135, 122, 155, 122, 155, 122, 132, 122, 137, 122, 140]
[117, 5, 25] [122, 122, 152, 122, 177, 122, 157, 122, 153, 122, 156, 122, 123, 122, 137, 122]
[55, 71, 25] [147, 122, 171, 122, 186, 130, 171, 122, 195, 122, 161, 148, 134, 177, 152, 165]
[57, 84, 25] [122, 122, 152, 122, 177, 122, 157, 122, 153, 122, 156, 122, 123, 122, 137, 122]
[66, 73, 25] [122, 122, 152, 122, 177, 122, 157, 122, 153, 122, 156, 122, 123, 122, 137, 122]
[74, 51, 25] [148, 136, 122, 160, 122, 135, 122, 155, 122, 155, 122, 132, 122, 137, 122, 140]
[69, 69, 26] [122, 122, 152, 122, 177, 122, 157, 122, 153, 122, 156, 122, 123, 122, 137, 122]
[55, 72, 26] [158, 122, 169, 122, 197, 140, 157, 128, 184, 122, 174, 128, 165, 143, 137, 199]
[109, 45, 26] [148, 136, 152, 160, 177, 135, 157, 155, 153, 155, 156, 132, 123, 137, 137, 140]
[69, 65, 26] [122, 122, 152, 122, 177, 122, 157, 122, 153, 122, 156, 122, 123, 122, 137, 122]
[65, 57, 26] [148, 136, 122, 160, 122, 135, 122, 155, 122, 155, 122, 132, 122, 137, 122, 140]
[70, 59, 26] [122, 122, 152, 122, 177, 122, 157, 122, 153, 122, 156, 122, 123, 122, 137, 122]
[71, 72, 26] [122, 122, 152, 122, 177, 122, 157, 122, 153, 122, 156, 122, 123, 122, 137, 122]
[59, 70, 26] [122, 122, 152, 122, 177, 122, 157, 122, 153, 122, 156, 122, 123, 122, 137, 122]
[66, 65, 27] [122, 122, 152, 122, 177, 122, 157, 122, 153, 122, 156, 122, 123, 122, 137, 122]
[61, 61, 27] [148, 136, 122, 160, 122, 135, 122, 155, 122, 155, 122, 132, 122, 137, 122, 140]
[56, 90, 27] [122, 122, 152, 122, 177, 122, 157, 122, 153, 122, 156, 122, 123, 122, 137, 122]
[72, 52, 27] [148, 136, 122, 160, 122, 215, 122, 159, 165, 155, 152, 132, 186, 151, 122, 140]
[68, 71, 27] [122, 122, 152, 122, 200, 160, 157, 122, 164, 122, 200, 122, 205, 122, 137, 160]
[69, 60, 27] [122, 122, 152, 122, 189, 150, 157, 122, 174, 122, 187, 122, 174, 122, 137, 126]
[51, 70, 27] [122, 122, 152, 122, 177, 122, 157, 122, 153, 122, 156, 122, 123, 122, 137, 122]
[54, 68, 27] [122, 122, 152, 122, 177, 122, 157, 122, 153, 122, 156, 122, 123, 122, 137, 122]
[73, 51, 27] [166, 178, 122, 181, 122, 169, 130, 155, 143, 157, 122, 177, 134, 161, 146, 140]
[71, 61, 27] [177, 122, 190, 122, 197, 122, 166, 128, 153, 122, 165, 174, 165, 122, 140, 199]
[64, 58, 27] [148, 136, 122, 160, 122, 179, 122, 165, 132, 155, 134, 132, 165, 137, 122, 153]
[70, 64, 27] [126, 147, 173, 122, 177, 122, 190, 122, 153, 122, 156, 158, 123, 129, 178, 122]
[68, 54, 28] [148, 136, 122, 160, 122, 135, 122, 155, 122, 155, 122, 132, 122, 137, 122, 140]
[67, 55, 28] [148, 136, 122, 160, 122, 179, 122, 165, 132, 155, 134, 132, 165, 137, 122, 153]
[62, 60, 28] [166, 178, 122, 181, 122, 225, 130, 175, 154, 157, 166, 177, 217, 147, 146, 167]
[64, 65, 28] [122, 122, 152, 122, 180, 175, 157, 122, 217, 122, 192, 122, 163, 167, 137, 122]
[61, 68, 28] [122, 122, 152, 122, 177, 122, 157, 122, 153, 122, 156, 122, 123, 122, 137, 122]
[50, 67, 28] [122, 122, 152, 122, 177, 122, 157, 122, 153, 122, 156, 122, 123, 122, 137, 122]
[59, 63, 28] [148, 136, 122, 160, 122, 225, 122, 175, 154, 155, 166, 132, 217, 137, 122, 167]
[69, 68, 28] [122, 130, 154, 122, 177, 122, 177, 122, 163, 122, 156, 123, 123, 153, 164, 122]
[54, 70, 28] [129, 140, 152, 129, 199, 126, 183, 122, 205, 122, 182, 122, 185, 212, 176, 179]
[70, 53, 28] [195, 195, 137, 183, 122, 215, 144, 159, 165, 170, 152, 212, 186, 151, 161, 146]
[65, 57, 28] [166, 178, 122, 181, 122, 225, 130, 175, 154, 157, 166, 177, 217, 147, 146, 167]
[71, 58, 28] [145, 191, 194, 136, 177, 122, 223, 122, 153, 122, 156, 203, 123, 140, 219, 122]
[71, 52, 28] [166, 178, 122, 181, 122, 215, 130, 159, 165, 157, 152, 177, 186, 161, 146, 140]
[71, 57, 28] [122, 173, 174, 134, 177, 122, 210, 122, 163, 122, 156, 168, 123, 164, 205, 122]
[70, 67, 28] [158, 173, 174, 134, 197, 122, 210, 128, 153, 122, 165, 168, 165, 164, 205, 199]
[69, 53, 29] [184, 222, 138, 203, 122, 215, 164, 159, 165, 159, 152, 222, 186, 161, 188, 140]
[69, 65, 29] [122, 140, 152, 129, 189, 150, 183, 122, 205, 122, 187, 122, 174, 212, 176, 126]
[60, 69, 29] [122, 122, 152, 122, 189, 150, 157, 122, 174, 122, 187, 122, 174, 122, 137, 126]
[70, 73, 29] [122, 122, 152, 122, 177, 122, 157, 122, 153, 122, 156, 122, 123, 122, 137, 122]
[68, 70, 29] [122, 130, 154, 122, 200, 160, 177, 122, 164, 122, 200, 123, 205, 153, 164, 160]
[59, 70, 29] [122, 122, 152, 122, 202, 196, 157, 122, 196, 122, 218, 122, 226, 122, 137, 140]
[75, 51, 29] [205, 170, 136, 164, 122, 135, 125, 168, 122, 180, 122, 202, 122, 137, 135, 179]
[71, 71, 29] [122, 173, 174, 134, 177, 122, 210, 122, 153, 122, 156, 168, 123, 164, 205, 122]
[76, 52, 29] [187, 136, 122, 160, 122, 135, 122, 178, 122, 178, 122, 157, 125, 137, 122, 192]
[74, 51, 29] [195, 195, 137, 183, 122, 194, 144, 162, 185, 170, 126, 212, 134, 219, 161, 159]
[65, 64, 29] [126, 147, 173, 122, 177, 130, 190, 122, 195, 122, 161, 158, 123, 177, 178, 122]
[69, 70, 30] [137, 122, 171, 122, 199, 165, 171, 122, 227, 122, 182, 148, 185, 201, 152, 179]
[73, 51, 30] [195, 195, 137, 183, 122, 205, 144, 155, 175, 170, 139, 212, 154, 185, 161, 146]
[45, 91, 30] [122, 122, 152, 122, 177, 122, 157, 122, 153, 122, 156, 122, 123, 122, 137, 122]
[68, 72, 30] [129, 122, 152, 122, 200, 165, 157, 122, 227, 122, 200, 122, 205, 201, 137, 179]
[68, 54, 30] [166, 178, 122, 181, 122, 215, 130, 165, 165, 157, 152, 177, 186, 151, 146, 153]
[68, 61, 30] [122, 122, 152, 122, 177, 122, 157, 122, 153, 122, 156, 122, 123, 122, 137, 122]
[63, 59, 30] [166, 178, 122, 181, 122, 135, 130, 155, 122, 157, 122, 177, 122, 147, 146, 140]
[7, 28, 30] [122, 122, 152, 122, 177, 122, 157, 122, 153, 122, 156, 122, 123, 122, 137, 122]
[67, 55, 30] [148, 136, 122, 160, 122, 225, 122, 175, 154, 155, 166, 132, 217, 137, 122, 167]
[70, 52, 30] [184, 222, 138, 203, 122, 169, 164, 155, 143, 159, 122, 222, 134, 171, 188, 140]
[61, 61, 30] [148, 136, 122, 160, 122, 225, 122, 175, 154, 155, 166, 132, 217, 137, 122, 167]
[71, 52, 31] [195, 195, 137, 183, 122, 215, 144, 162, 165, 170, 152, 212, 186, 151, 161, 159]
[59, 62, 31] [148, 136, 122, 160, 122, 215, 122, 159, 165, 155, 152, 132, 186, 151, 122, 140]
[57, 63, 31] [148, 136, 122, 160, 122, 215, 122, 159, 165, 155, 152, 132, 186, 151, 122, 140]
[65, 57, 31] [184, 222, 138, 203, 122, 225, 164, 175, 154, 159, 166, 222, 217, 158, 188, 167]
[55, 71, 31] [122, 122, 152, 122, 177, 122, 157, 122, 153, 122, 156, 122, 123, 122, 137, 122]
[56, 72, 31] [147, 122, 170, 122, 186, 122, 157, 122, 153, 122, 156, 138, 134, 122, 137, 165]
[56, 90, 31] [148, 136, 122, 160, 122, 135, 122, 155, 122, 155, 122, 132, 122, 137, 122, 140]
[58, 63, 31] [176, 153, 122, 162, 122, 179, 122, 165, 132, 167, 134, 167, 165, 137, 122, 159]
[60, 62, 31] [195, 195, 137, 183, 122, 179, 144, 165, 132, 170, 134, 212, 165, 137, 161, 159]
[64, 58, 32] [166, 178, 122, 181, 122, 179, 130, 165, 132, 157, 134, 177, 165, 147, 146, 153]
[66, 56, 32] [184, 222, 138, 203, 122, 179, 164, 165, 132, 159, 134, 222, 165, 158, 188, 153]
[71, 57, 32] [122, 122, 152, 122, 177, 122, 157, 122, 153, 122, 156, 122, 123, 122, 137, 122]
[71, 51, 32] [166, 178, 122, 181, 122, 205, 130, 155, 175, 157, 139, 177, 154, 185, 146, 140]
[56, 65, 32] [148, 136, 122, 160, 122, 225, 122, 182, 154, 163, 166, 132, 217, 137, 122, 187]
[53, 71, 32] [122, 122, 152, 122, 180, 175, 157, 122, 217, 122, 192, 122, 163, 167, 137, 122]
[53, 69, 32] [122, 157, 155, 131, 177, 155, 196, 122, 237, 122, 166, 133, 123, 236, 190, 122]
[62, 67, 32] [122, 122, 152, 122, 177, 122, 157, 122, 153, 122, 156, 122, 123, 122, 137, 122]
[76, 53, 32] [148, 136, 122, 160, 122, 135, 122, 155, 122, 155, 122, 132, 122, 137, 122, 140]
[73, 51, 32] [205, 195, 137, 183, 122, 135, 144, 168, 122, 180, 122, 212, 122, 137, 161, 179]
[66, 63, 32] [122, 122, 152, 122, 177, 122, 157, 122, 153, 122, 156, 122, 123, 122, 137, 122]
[72, 51, 33] [176, 178, 122, 181, 122, 169, 130, 162, 143, 167, 122, 177, 134, 161, 146, 159]
[68, 54, 33] [184, 222, 138, 203, 122, 135, 164, 155, 122, 159, 122, 222, 122, 158, 188, 140]
[75, 51, 33] [234, 187, 155, 196, 122, 149, 139, 174, 163, 193, 122, 237, 122, 229, 149, 198]
[70, 67, 33] [122, 122, 152, 122, 177, 122, 157, 122, 153, 122, 156, 122, 123, 122, 137, 122]
[71, 71, 33] [122, 122, 152, 122, 177, 122, 157, 122, 153, 122, 156, 122, 123, 122, 137, 122]
[69, 53, 33] [166, 178, 122, 181, 122, 225, 130, 175, 165, 157, 166, 177, 217, 151, 146, 167]
[55, 66, 33] [148, 136, 122, 160, 122, 179, 122, 165, 132, 155, 134, 132, 165, 137, 122, 153]
[71, 52, 33] [195, 195, 137, 183, 122, 215, 144, 171, 165, 170, 152, 212, 186, 151, 161, 173]
[74, 51, 33] [205, 170, 136, 194, 122, 184, 125, 168, 196, 180, 122, 202, 134, 254, 135, 179]
[77, 52, 34] [216, 178, 134, 181, 122, 135, 130, 184, 122, 191, 122, 193, 122, 147, 146, 212]
[62, 60, 34] [148, 136, 122, 160, 122, 135, 122, 155, 122, 155, 122, 132, 122, 137, 122, 140]
[70, 64, 34] [122, 122, 152, 122, 177, 122, 157, 122, 153, 122, 156, 122, 123, 122, 137, 122]
[58, 62, 34] [148, 136, 122, 160, 122, 135, 122, 155, 122, 155, 122, 132, 122, 137, 122, 140]
[64, 78, 34] [122, 122, 152, 122, 177, 122, 157, 122, 153, 122, 156, 122, 123, 122, 137, 122]
[66, 53, 34] [148, 136, 122, 175, 122, 194, 122, 155, 185, 155, 126, 132, 123, 219, 122, 140]
[70, 66, 34] [129, 130, 154, 122, 199, 126, 177, 122, 163, 122, 182, 123, 185, 153, 164, 179]
[63, 66, 34] [126, 147, 173, 122, 177, 122, 190, 122, 153, 122, 156, 158, 123, 129, 178, 122]
[65, 57, 34] [166, 178, 122, 181, 122, 179, 130, 165, 132, 157, 134, 177, 165, 147, 146, 153]
[69, 70, 35] [122, 122, 152, 122, 177, 165, 157, 122, 227, 122, 179, 122, 132, 201, 137, 122]
[59, 62, 35] [176, 153, 122, 162, 122, 135, 122, 162, 122, 167, 122, 167, 122, 137, 122, 159]
[54, 70, 35] [122, 122, 152, 122, 177, 122, 157, 122, 153, 122, 156, 122, 123, 122, 137, 122]
[59, 70, 35] [122, 122, 152, 122, 177, 122, 157, 122, 153, 122, 156, 122, 123, 122, 137, 122]
[64, 65, 35] [126, 147, 173, 122, 177, 122, 190, 122, 153, 122, 156, 158, 123, 129, 178, 122]
[75, 61, 35] [148, 136, 122, 160, 122, 135, 122, 155, 122, 155, 122, 132, 122, 137, 122, 140]
[67, 55, 35] [197, 222, 138, 203, 122, 179, 164, 194, 132, 189, 134, 222, 165, 158, 188, 226]
[61, 61, 36] [195, 195, 137, 183, 122, 179, 144, 165, 132, 170, 134, 212, 165, 137, 161, 153]
[60, 62, 36] [205, 170, 136, 164, 122, 179, 125, 168, 132, 180, 134, 202, 165, 137, 135, 179]
[71, 57, 36] [122, 122, 152, 122, 177, 122, 157, 122, 153, 122, 156, 122, 123, 122, 137, 122]
[57, 63, 36] [148, 136, 122, 160, 122, 215, 122, 165, 165, 155, 152, 132, 186, 151, 122, 153]
[70, 73, 36] [122, 122, 152, 122, 177, 122, 157, 122, 153, 122, 156, 122, 123, 122, 137, 122]
[56, 72, 36] [187, 122, 189, 122, 196, 122, 157, 134, 153, 127, 156, 163, 145, 122, 137, 218]
[63, 59, 37] [184, 222, 138, 203, 122, 135, 164, 155, 122, 159, 122, 222, 122, 158, 188, 140]
[60, 69, 37] [126, 147, 173, 122, 177, 122, 190, 122, 153, 122, 156, 158, 123, 129, 178, 122]
[69, 65, 37] [122, 122, 152, 122, 177, 122, 157, 122, 153, 122, 156, 122, 123, 122, 137, 122]
[62, 67, 37] [145, 191, 194, 136, 177, 122, 223, 122, 153, 122, 156, 203, 123, 140, 219, 122]
[61, 68, 37] [126, 147, 173, 122, 189, 150, 190, 122, 174, 122, 187, 158, 174, 129, 178, 126]
[73, 51, 37] [148, 136, 122, 160, 122, 135, 122, 155, 122, 155, 122, 132, 122, 137, 122, 140]
[70, 53, 37] [148, 136, 122, 160, 122, 135, 122, 155, 122, 155, 122, 132, 122, 137, 122, 140]
[70, 67, 38] [158, 122, 169, 122, 197, 122, 157, 128, 153, 122, 165, 128, 165, 122, 137, 199]
[64, 58, 38] [166, 178, 122, 181, 122, 135, 130, 155, 122, 157, 122, 177, 122, 147, 146, 140]
[51, 72, 38] [122, 122, 152, 122, 177, 122, 157, 122, 153, 122, 156, 122, 123, 122, 137, 122]
[71, 52, 38] [166, 178, 122, 181, 122, 215, 130, 159, 165, 157, 152, 177, 186, 151, 146, 140]
[72, 72, 39] [122, 122, 152, 122, 177, 122, 157, 122, 153, 122, 156, 122, 123, 122, 137, 122]
[65, 58, 39] [195, 195, 137, 183, 122, 135, 144, 162, 122, 170, 122, 212, 122, 137, 161, 159]
[67, 63, 39] [122, 122, 152, 122, 177, 122, 157, 122, 153, 122, 156, 122, 123, 122, 137, 122]
[76, 51, 39] [148, 136, 122, 160, 122, 135, 122, 155, 122, 155, 122, 132, 122, 137, 122, 140]
[68, 54, 39] [148, 136, 122, 160, 122, 215, 122, 159, 165, 155, 152, 132, 186, 151, 122, 140]
[75, 50, 40] [148, 144, 122, 177, 122, 159, 122, 155, 153, 155, 122, 132, 122, 195, 122, 140]
[70, 52, 40] [184, 222, 138, 203, 122, 169, 164, 155, 143, 159, 122, 222, 134, 161, 188, 140]
[68, 71, 40] [122, 122, 152, 122, 177, 122, 157, 122, 153, 122, 156, 122, 123, 122, 137, 122]
[75, 51, 41] [158, 136, 122, 160, 122, 169, 122, 171, 143, 165, 122, 132, 145, 161, 122, 173]
[66, 56, 41] [155, 204, 122, 201, 122, 135, 150, 155, 122, 155, 122, 187, 122, 182, 173, 140]
[68, 77, 41] [122, 122, 152, 122, 177, 122, 157, 122, 153, 122, 156, 122, 123, 122, 137, 122]
[69, 70, 41] [126, 147, 173, 122, 177, 122, 190, 122, 153, 122, 156, 158, 123, 129, 178, 122]
[56, 72, 42] [122, 122, 152, 122, 177, 122, 157, 122, 153, 122, 156, 122, 123, 122, 137, 122]
[73, 70, 42] [122, 122, 152, 122, 177, 122, 157, 122, 153, 122, 156, 122, 123, 122, 137, 122]
[59, 69, 43] [122, 122, 152, 122, 177, 122, 157, 122, 153, 122, 156, 122, 123, 122, 137, 122]
[61, 60, 43] [148, 136, 122, 160, 122, 135, 122, 155, 122, 155, 122, 132, 122, 137, 122, 140]
[71, 71, 43] [177, 122, 190, 122, 191, 185, 166, 122, 207, 122, 205, 174, 194, 133, 140, 185]
[68, 65, 43] [122, 122, 152, 122, 177, 122, 157, 122, 153, 122, 156, 122, 123, 122, 137, 122]
[58, 62, 43] [148, 136, 122, 160, 122, 135, 122, 155, 122, 155, 122, 132, 122, 137, 122, 140]
[69, 53, 43] [148, 136, 122, 160, 122, 135, 122, 155, 122, 155, 122, 132, 122, 137, 122, 140]
[66, 64, 43] [122, 122, 152, 122, 177, 165, 157, 122, 227, 122, 179, 122, 132, 201, 137, 122]
[65, 57, 43] [148, 136, 122, 160, 122, 179, 122, 165, 132, 155, 134, 132, 165, 137, 122, 153]
[69, 65, 43] [137, 122, 171, 122, 177, 122, 171, 122, 153, 122, 156, 148, 123, 122, 152, 132]
[70, 67, 43] [187, 122, 189, 122, 197, 122, 157, 134, 153, 127, 165, 163, 165, 122, 137, 218]
[56, 65, 44] [148, 136, 122, 160, 122, 135, 122, 155, 122, 155, 122, 132, 122, 137, 122, 140]
[70, 73, 44] [122, 122, 152, 122, 200, 160, 157, 122, 164, 122, 200, 122, 205, 122, 137, 160]
[71, 57, 44] [122, 122, 152, 122, 177, 122, 157, 122, 153, 122, 156, 122, 123, 122, 137, 122]
[67, 62, 44] [122, 173, 174, 134, 177, 122, 210, 122, 153, 122, 156, 168, 123, 164, 205, 122]
[70, 59, 44] [122, 122, 152, 122, 200, 160, 157, 122, 164, 122, 200, 122, 205, 122, 137, 160]
[59, 62, 44] [176, 153, 122, 162, 122, 225, 122, 175, 154, 167, 166, 167, 217, 137, 122, 167]
[69, 60, 44] [145, 191, 194, 136, 189, 150, 223, 122, 174, 122, 187, 203, 174, 140, 219, 126]
[62, 60, 44] [176, 153, 122, 162, 122, 135, 122, 162, 122, 167, 122, 167, 122, 137, 122, 159]
[32, 0, 45] [148, 136, 122, 160, 122, 135, 122, 155, 122, 155, 122, 132, 122, 137, 122, 140]
[71, 72, 45] [126, 147, 173, 122, 188, 122, 190, 122, 153, 122, 169, 158, 154, 129, 178, 145]
[74, 67, 46] [122, 122, 152, 122, 177, 122, 157, 122, 153, 122, 156, 122, 123, 122, 137, 122]
[71, 59, 46] [156, 165, 192, 122, 199, 126, 204, 122, 153, 122, 182, 193, 185, 122, 192, 179]
[55, 66, 46] [148, 136, 122, 160, 122, 179, 122, 165, 132, 155, 134, 132, 165, 137, 122, 153]
[109, 45, 46] [148, 136, 122, 160, 122, 135, 122, 155, 122, 155, 122, 132, 122, 137, 122, 140]
[71, 47, 47] [148, 136, 122, 160, 122, 135, 122, 155, 122, 155, 122, 132, 122, 137, 122, 140]
[72, 51, 47] [148, 136, 122, 160, 122, 135, 122, 155, 122, 155, 122, 132, 122, 137, 122, 140]
[60, 62, 47] [148, 136, 122, 160, 122, 135, 122, 155, 122, 155, 122, 132, 122, 137, 122, 140]
[66, 63, 47] [122, 122, 152, 122, 177, 122, 157, 122, 153, 122, 156, 122, 123, 122, 137, 122]
[85, 47, 47] [148, 136, 122, 160, 122, 135, 122, 155, 122, 155, 122, 132, 122, 137, 122, 140]
[71, 52, 48] [148, 136, 122, 160, 122, 179, 122, 165, 132, 155, 134, 132, 165, 137, 122, 153]
[75, 57, 48] [122, 122, 152, 122, 177, 122, 157, 122, 153, 122, 156, 122, 123, 122, 137, 122]
[73, 51, 48] [195, 195, 137, 183, 122, 135, 144, 162, 122, 170, 122, 212, 122, 137, 161, 159]
[56, 72, 49] [122, 122, 152, 122, 177, 122, 157, 122, 153, 122, 156, 122, 123, 122, 137, 122]
[109, 45, 49] [148, 136, 152, 160, 177, 135, 157, 155, 153, 155, 156, 132, 123, 137, 137, 140]
[57, 63, 49] [148, 136, 122, 160, 122, 135, 122, 155, 122, 155, 122, 132, 122, 137, 122, 140]
[76, 52, 50] [148, 136, 122, 160, 122, 135, 122, 155, 122, 155, 122, 132, 122, 137, 122, 140]
[71, 71, 50] [122, 122, 152, 122, 177, 122, 157, 122, 153, 122, 156, 122, 123, 122, 137, 122]
[57, 71, 50] [126, 147, 173, 122, 177, 122, 190, 122, 153, 122, 156, 158, 123, 129, 178, 122]
[73, 50, 50] [148, 161, 122, 179, 122, 135, 122, 155, 122, 155, 122, 142, 122, 171, 132, 140]
[62, 67, 50] [122, 122, 152, 122, 177, 122, 157, 122, 153, 122, 156, 122, 123, 122, 137, 122]
[70, 64, 51] [122, 122, 152, 122, 177, 122, 157, 122, 153, 122, 156, 122, 123, 122, 137, 122]
[77, 58, 51] [148, 136, 122, 160, 122, 135, 122, 155, 122, 155, 122, 132, 122, 137, 122, 140]
[77, 54, 51] [197, 136, 122, 160, 122, 135, 122, 194, 122, 189, 122, 147, 157, 137, 122, 226]
[54, 70, 52] [122, 122, 152, 122, 177, 122, 157, 122, 153, 122, 156, 122, 123, 122, 137, 122]
[75, 51, 52] [216, 144, 134, 177, 122, 159, 122, 184, 153, 191, 122, 193, 122, 195, 122, 212]
[95, 11, 52] [148, 136, 122, 160, 122, 135, 122, 155, 122, 155, 122, 132, 122, 137, 122, 140]
[70, 62, 52] [122, 157, 155, 131, 177, 122, 196, 122, 173, 122, 156, 133, 123, 188, 190, 122]
[69, 70, 53] [122, 122, 152, 122, 177, 122, 157, 122, 153, 122, 156, 122, 123, 122, 137, 122]
[66, 62, 53] [122, 122, 152, 122, 177, 122, 157, 122, 153, 122, 156, 122, 123, 122, 137, 122]
[71, 59, 53] [122, 122, 152, 122, 177, 122, 157, 122, 153, 122, 156, 122, 123, 122, 137, 122]
[59, 62, 53] [148, 136, 122, 160, 122, 135, 122, 155, 122, 155, 122, 132, 122, 137, 122, 140]
[65, 56, 54] [148, 136, 122, 160, 122, 135, 122, 155, 122, 155, 122, 132, 122, 137, 122, 140]
[67, 55, 54] [195, 195, 137, 183, 122, 135, 144, 155, 122, 170, 122, 212, 122, 137, 161, 146]
[76, 53, 54] [197, 136, 122, 160, 122, 135, 122, 194, 122, 189, 122, 147, 157, 137, 122, 226]
[61, 61, 54] [195, 195, 137, 183, 122, 135, 144, 155, 122, 170, 122, 212, 122, 137, 161, 146]
[70, 73, 55] [122, 122, 152, 122, 177, 122, 157, 122, 153, 122, 156, 122, 123, 122, 137, 122]
[77, 49, 55] [148, 136, 122, 160, 122, 135, 122, 155, 122, 155, 122, 132, 122, 137, 122, 140]
[70, 72, 55] [158, 130, 169, 122, 197, 122, 177, 128, 163, 122, 165, 128, 165, 153, 164, 199]
[57, 71, 55] [122, 122, 152, 122, 177, 122, 157, 122, 153, 122, 156, 122, 123, 122, 137, 122]
[69, 97, 55] [148, 136, 122, 160, 122, 135, 122, 155, 122, 155, 122, 132, 122, 137, 122, 140]
[19, 104, 57] [148, 136, 122, 160, 122, 135, 122, 155, 122, 155, 122, 132, 122, 137, 122, 140]
[66, 56, 57] [148, 136, 122, 160, 122, 135, 122, 155, 122, 155, 122, 132, 122, 137, 122, 140]
[70, 51, 57] [148, 136, 122, 160, 122, 135, 122, 155, 122, 155, 122, 132, 122, 137, 122, 140]
[69, 48, 58] [148, 136, 122, 160, 122, 135, 122, 155, 122, 155, 122, 132, 122, 137, 122, 140]
[56, 72, 58] [122, 122, 152, 122, 177, 122, 157, 122, 153, 122, 156, 122, 123, 122, 137, 122]
[64, 65, 59] [122, 122, 152, 122, 177, 122, 157, 122, 153, 122, 156, 122, 123, 122, 137, 122]
[64, 58, 59] [148, 136, 122, 160, 122, 135, 122, 155, 122, 155, 122, 132, 122, 137, 122, 140]
[66, 62, 59] [122, 122, 152, 122, 177, 122, 157, 122, 153, 122, 156, 122, 123, 122, 137, 122]
[69, 53, 59] [148, 136, 122, 160, 122, 190, 122, 182, 122, 163, 148, 132, 197, 137, 122, 187]
[65, 64, 59] [126, 147, 173, 122, 200, 160, 190, 122, 164, 122, 200, 158, 205, 129, 178, 160]
[68, 54, 59] [148, 136, 122, 160, 122, 179, 122, 165, 132, 155, 134, 132, 165, 137, 122, 153]
[70, 52, 60] [184, 222, 138, 203, 122, 135, 164, 155, 122, 159, 122, 222, 122, 158, 188, 140]
[71, 71, 60] [122, 122, 152, 122, 177, 122, 157, 122, 153, 122, 156, 122, 123, 122, 137, 122]
[58, 62, 60] [148, 136, 122, 160, 122, 135, 122, 155, 122, 155, 122, 132, 122, 137, 122, 140]
[73, 70, 60] [156, 165, 192, 122, 177, 122, 204, 122, 153, 122, 156, 193, 123, 122, 192, 122]
[57, 71, 60] [126, 147, 173, 122, 177, 122, 190, 122, 153, 122, 156, 158, 123, 129, 178, 122]
[59, 69, 60] [145, 191, 194, 136, 177, 122, 223, 122, 153, 122, 156, 203, 123, 140, 219, 122]
[62, 68, 61] [122, 122, 152, 122, 177, 122, 157, 122, 153, 122, 156, 122, 123, 122, 137, 122]
[59, 70, 61] [156, 165, 192, 122, 188, 122, 204, 122, 153, 122, 169, 193, 154, 122, 192, 145]
[69, 52, 61] [155, 204, 122, 201, 122, 169, 150, 155, 143, 155, 122, 187, 134, 182, 173, 140]
[55, 71, 61] [122, 122, 152, 122, 180, 175, 157, 122, 217, 122, 192, 122, 163, 167, 137, 122]
[103, 45, 61] [122, 122, 152, 122, 177, 122, 157, 122, 153, 122, 156, 122, 123, 122, 137, 122]
[64, 57, 61] [148, 161, 122, 179, 122, 135, 122, 155, 122, 155, 122, 142, 122, 171, 132, 140]
[66, 62, 61] [122, 173, 174, 134, 177, 122, 210, 122, 153, 122, 156, 168, 123, 164, 205, 122]
[72, 51, 61] [195, 195, 137, 183, 122, 135, 144, 155, 122, 170, 122, 212, 122, 137, 161, 146]
[75, 57, 61] [122, 122, 152, 122, 177, 122, 157, 122, 153, 122, 156, 122, 123, 122, 137, 122]
[61, 60, 61] [148, 136, 122, 160, 122, 135, 122, 155, 122, 155, 122, 132, 122, 137, 122, 140]
[73, 82, 62] [122, 122, 152, 122, 177, 122, 157, 122, 153, 122, 156, 122, 123, 122, 137, 122]
[55, 66, 62] [148, 136, 122, 160, 122, 135, 122, 155, 122, 155, 122, 132, 122, 137, 122, 140]
[58, 62, 62] [148, 136, 122, 160, 122, 135, 122, 155, 122, 155, 122, 132, 122, 137, 122, 140]
[67, 54, 62] [148, 136, 122, 160, 122, 225, 122, 175, 154, 155, 166, 132, 217, 137, 122, 167]
[56, 64, 62] [155, 204, 122, 201, 122, 225, 150, 175, 154, 155, 166, 187, 217, 182, 173, 167]
[71, 71, 62] [122, 122, 152, 122, 191, 185, 157, 122, 207, 122, 205, 122, 194, 133, 137, 122]
[71, 57, 62] [122, 122, 152, 122, 177, 122, 157, 122, 153, 122, 156, 122, 123, 122, 137, 122]
[55, 73, 62] [129, 122, 152, 122, 199, 126, 157, 122, 153, 122, 182, 122, 185, 122, 137, 179]
[67, 55, 62] [158, 136, 122, 160, 122, 145, 122, 171, 122, 165, 122, 132, 145, 137, 122, 173]
[70, 52, 62] [176, 153, 122, 162, 122, 215, 122, 162, 165, 167, 152, 167, 186, 151, 122, 159]
[59, 62, 62] [176, 153, 122, 162, 122, 225, 122, 175, 154, 167, 166, 167, 217, 137, 122, 167]
[69, 59, 62] [122, 122, 152, 122, 202, 196, 157, 122, 196, 122, 218, 122, 226, 122, 137, 140]
[56, 65, 62] [166, 178, 122, 181, 122, 145, 130, 171, 122, 165, 122, 177, 145, 147, 146, 173]
[71, 61, 62] [187, 136, 189, 160, 196, 135, 146, 155, 122, 155, 147, 163, 145, 137, 122, 218]
[74, 67, 62] [122, 122, 152, 122, 177, 122, 157, 122, 153, 122, 156, 122, 123, 122, 137, 122]
[62, 116, 62] [122, 122, 152, 122, 177, 122, 157, 122, 153, 122, 156, 122, 123, 122, 137, 122]
[61, 60, 63] [184, 222, 138, 203, 122, 135, 164, 155, 122, 159, 122, 222, 122, 158, 188, 140]
[69, 65, 63] [122, 122, 152, 122, 177, 122, 157, 122, 153, 122, 156, 122, 123, 122, 137, 122]
[41, 91, 63] [122, 122, 152, 122, 177, 122, 157, 122, 153, 122, 156, 122, 123, 122, 137, 122]
[68, 71, 63] [122, 122, 152, 122, 177, 122, 157, 122, 153, 122, 156, 122, 123, 122, 137, 122]
[64, 57, 63] [148, 136, 122, 160, 122, 135, 122, 155, 122, 155, 122, 132, 122, 137, 122, 140]
[70, 72, 63] [177, 122, 190, 122, 189, 150, 166, 122, 174, 122, 187, 174, 174, 122, 140, 185]
[68, 53, 63] [166, 204, 122, 201, 122, 215, 150, 165, 165, 157, 152, 187, 186, 182, 173, 153]
[57, 72, 63] [177, 165, 192, 122, 185, 122, 204, 122, 153, 122, 156, 193, 123, 122, 192, 185]
[57, 62, 63] [155, 204, 122, 201, 122, 205, 150, 155, 175, 155, 139, 187, 154, 185, 173, 140]
[74, 50, 63] [195, 195, 137, 183, 122, 135, 144, 155, 122, 170, 122, 212, 122, 137, 161, 146]
[72, 51, 63] [195, 195, 137, 183, 122, 215, 144, 159, 165, 170, 152, 212, 186, 151, 161, 146]
[59, 69, 63] [122, 130, 154, 122, 177, 122, 177, 122, 163, 122, 156, 123, 123, 153, 164, 122]
[66, 62, 63] [122, 122, 152, 122, 177, 122, 157, 122, 153, 122, 156, 122, 123, 122, 137, 122]
[60, 61, 63] [195, 195, 137, 183, 122, 179, 144, 165, 132, 170, 134, 212, 165, 147, 161, 153]
[58, 62, 63] [184, 222, 138, 203, 122, 215, 164, 162, 165, 167, 152, 222, 186, 161, 188, 159]
[62, 59, 63] [184, 222, 138, 203, 122, 225, 164, 175, 154, 159, 166, 222, 217, 158, 188, 167]
[14, 14, 63] [122, 122, 152, 122, 177, 122, 157, 122, 153, 122, 156, 122, 123, 122, 137, 122]
[55, 65, 63] [148, 161, 122, 179, 122, 179, 122, 165, 143, 155, 134, 142, 165, 171, 132, 153]
[71, 71, 63] [195, 156, 210, 122, 177, 122, 198, 122, 153, 122, 156, 218, 123, 129, 180, 171]
[54, 67, 63] [148, 136, 122, 160, 122, 225, 122, 182, 154, 163, 166, 132, 217, 137, 122, 187]
[70, 66, 63] [148, 136, 170, 160, 186, 135, 152, 155, 122, 155, 152, 138, 134, 137, 125, 165]
[51, 81, 63] [122, 122, 152, 122, 177, 122, 157, 122, 153, 122, 156, 122, 123, 122, 137, 122]
[63, 58, 63] [184, 222, 138, 203, 122, 179, 164, 165, 132, 159, 134, 222, 165, 158, 188, 153]
[66, 56, 64] [195, 195, 137, 183, 122, 190, 144, 182, 132, 170, 148, 212, 197, 137, 161, 187]
[56, 64, 64] [166, 204, 122, 201, 122, 225, 150, 182, 154, 163, 166, 187, 217, 182, 173, 187]
[66, 55, 64] [184, 222, 138, 203, 122, 225, 164, 175, 154, 159, 166, 222, 217, 171, 188, 167]
[69, 52, 64] [166, 178, 122, 181, 122, 169, 130, 155, 143, 157, 122, 177, 134, 161, 146, 140]
[69, 53, 64] [195, 195, 137, 183, 122, 179, 144, 171, 132, 170, 134, 212, 165, 137, 161, 173]
[64, 57, 64] [184, 222, 138, 203, 122, 225, 164, 175, 165, 159, 166, 222, 217, 158, 188, 167]
[65, 57, 64] [195, 195, 137, 183, 122, 190, 144, 182, 132, 170, 148, 212, 197, 137, 161, 187]
[54, 68, 64] [158, 136, 122, 160, 122, 190, 122, 182, 122, 165, 148, 132, 197, 137, 122, 187]
[65, 56, 64] [184, 222, 138, 203, 122, 215, 164, 165, 165, 159, 152, 222, 186, 171, 188, 153]
[68, 60, 64] [145, 191, 194, 136, 189, 150, 223, 122, 174, 122, 187, 203, 174, 140, 219, 126]
[70, 52, 64] [195, 195, 137, 183, 122, 215, 144, 162, 165, 170, 152, 212, 186, 151, 161, 159]
[69, 68, 64] [148, 136, 122, 160, 122, 190, 122, 182, 122, 163, 148, 132, 197, 137, 122, 187]
[47, 72, 64] [122, 122, 152, 122, 177, 122, 157, 122, 153, 122, 156, 122, 123, 122, 137, 122]
[57, 62, 64] [155, 204, 122, 201, 122, 205, 150, 155, 175, 155, 139, 187, 154, 185, 173, 140]
[55, 66, 64] [166, 204, 122, 201, 122, 190, 150, 182, 132, 165, 148, 187, 197, 182, 173, 187]
[69, 59, 65] [126, 147, 173, 122, 177, 122, 190, 122, 153, 122, 156, 158, 123, 129, 178, 122]
[70, 67, 65] [166, 178, 169, 181, 197, 145, 132, 171, 122, 165, 165, 177, 165, 147, 146, 199]
[17, 71, 65] [122, 122, 152, 122, 177, 122, 157, 122, 153, 122, 156, 122, 123, 122, 137, 122]
[67, 54, 65] [184, 222, 138, 203, 122, 225, 164, 175, 165, 159, 166, 222, 217, 182, 188, 167]
[62, 59, 65] [166, 178, 122, 181, 122, 225, 130, 175, 154, 157, 166, 177, 217, 147, 146, 167]
[66, 62, 65] [122, 122, 152, 122, 202, 196, 157, 122, 196, 122, 218, 122, 226, 122, 137, 140]
[71, 51, 65] [195, 222, 138, 203, 122, 169, 164, 155, 143, 170, 122, 222, 134, 161, 188, 146]
[72, 51, 65] [195, 195, 137, 183, 122, 215, 144, 162, 165, 170, 152, 212, 186, 151, 161, 159]
[76, 52, 65] [122, 122, 152, 122, 177, 122, 157, 122, 153, 122, 156, 122, 123, 122, 137, 122]
[61, 68, 65] [156, 165, 192, 122, 177, 122, 204, 122, 153, 122, 156, 193, 123, 122, 192, 122]
[58, 62, 65] [184, 222, 138, 203, 122, 215, 164, 162, 165, 167, 152, 222, 186, 158, 188, 159]
[61, 60, 65] [166, 178, 122, 181, 122, 179, 130, 165, 132, 157, 134, 177, 165, 147, 146, 153]
[71, 71, 65] [126, 147, 173, 122, 177, 122, 190, 122, 153, 122, 156, 158, 123, 129, 178, 122]
[55, 65, 65] [155, 204, 122, 201, 122, 179, 150, 165, 132, 155, 134, 187, 165, 182, 173, 153]
[75, 57, 65] [122, 122, 152, 122, 177, 122, 157, 122, 153, 122, 156, 122, 123, 122, 137, 122]
[68, 53, 65] [184, 222, 138, 203, 122, 215, 164, 165, 165, 159, 152, 222, 186, 161, 188, 153]
[57, 61, 65] [148, 161, 122, 179, 122, 159, 122, 155, 153, 155, 122, 142, 122, 195, 132, 140]
[57, 71, 65] [122, 130, 154, 122, 177, 122, 177, 122, 163, 122, 156, 123, 123, 153, 164, 122]
[68, 54, 65] [195, 222, 138, 203, 122, 225, 164, 182, 154, 170, 166, 222, 217, 158, 188, 187]
[69, 52, 65] [184, 222, 138, 203, 122, 215, 164, 159, 165, 159, 152, 222, 186, 182, 188, 140]
[56, 64, 65] [166, 204, 122, 201, 122, 225, 150, 182, 154, 163, 166, 187, 217, 182, 173, 187]
[67, 55, 65] [195, 222, 138, 203, 122, 225, 164, 182, 154, 170, 166, 222, 217, 158, 188, 187]
[59, 62, 66] [216, 170, 136, 164, 122, 225, 125, 184, 154, 191, 166, 202, 217, 137, 135, 212]
[59, 69, 66] [145, 191, 194, 136, 191, 185, 223, 122, 207, 122, 205, 203, 194, 140, 219, 122]
[64, 57, 66] [184, 222, 138, 203, 122, 215, 164, 165, 165, 159, 152, 222, 186, 161, 188, 153]
[63, 58, 66] [184, 222, 138, 203, 122, 215, 164, 165, 165, 159, 152, 222, 186, 158, 188, 153]
[57, 62, 66] [158, 204, 122, 201, 122, 205, 150, 171, 175, 165, 139, 187, 154, 185, 173, 173]
[68, 60, 66] [145, 191, 194, 136, 189, 150, 223, 122, 174, 122, 187, 203, 174, 140, 219, 126]
[54, 67, 66] [148, 161, 122, 179, 122, 190, 122, 182, 132, 163, 148, 142, 197, 171, 132, 187]
[56, 63, 66] [155, 204, 122, 201, 122, 215, 150, 182, 165, 163, 152, 187, 197, 182, 173, 187]
[75, 58, 66] [122, 122, 152, 122, 188, 122, 157, 122, 153, 122, 169, 122, 154, 122, 137, 145]
[70, 66, 66] [155, 204, 122, 201, 122, 135, 150, 155, 122, 155, 122, 187, 122, 182, 173, 140]
[61, 59, 66] [148, 161, 122, 179, 122, 215, 122, 159, 165, 155, 152, 142, 186, 171, 132, 140]
[69, 59, 67] [126, 147, 173, 122, 177, 122, 190, 122, 153, 122, 156, 158, 123, 129, 178, 122]
[54, 66, 67] [148, 161, 122, 179, 122, 179, 122, 165, 132, 155, 134, 142, 165, 171, 132, 153]
[61, 60, 67] [184, 222, 138, 203, 122, 225, 164, 175, 154, 165, 166, 222, 217, 158, 188, 173]
[62, 59, 67] [176, 178, 122, 181, 122, 225, 130, 175, 154, 167, 166, 177, 217, 147, 146, 167]
[70, 62, 67] [187, 122, 189, 122, 196, 122, 157, 134, 153, 127, 156, 163, 145, 122, 137, 218]
[70, 73, 67] [122, 122, 152, 122, 200, 160, 157, 122, 164, 122, 200, 122, 205, 122, 137, 160]
[69, 69, 67] [148, 136, 122, 160, 122, 190, 122, 182, 122, 163, 148, 132, 197, 137, 122, 187]
[54, 68, 67] [169, 136, 122, 160, 122, 155, 122, 188, 122, 176, 130, 132, 177, 137, 122, 206]
[66, 62, 67] [122, 122, 152, 122, 202, 196, 157, 122, 196, 122, 218, 122, 226, 122, 137, 140]
[70, 67, 67] [158, 204, 122, 201, 122, 145, 150, 171, 122, 165, 122, 187, 145, 182, 173, 173]
[71, 58, 67] [156, 165, 192, 160, 163, 135, 204, 155, 122, 155, 122, 193, 122, 137, 192, 140]
[72, 51, 67] [176, 153, 122, 162, 122, 135, 122, 162, 122, 167, 122, 167, 122, 137, 122, 159]
[66, 55, 67] [184, 222, 138, 203, 122, 215, 164, 165, 165, 159, 152, 222, 186, 161, 188, 153]
[67, 53, 67] [155, 204, 122, 201, 122, 215, 150, 159, 165, 155, 152, 187, 186, 206, 173, 140]
[72, 50, 67] [166, 178, 122, 181, 122, 135, 130, 155, 122, 157, 122, 177, 122, 171, 146, 140]
[65, 56, 68] [166, 178, 122, 181, 122, 179, 130, 165, 132, 157, 134, 177, 165, 147, 146, 153]
[55, 65, 68] [166, 204, 122, 201, 122, 190, 150, 182, 122, 163, 148, 187, 197, 182, 173, 187]
[67, 54, 68] [184, 222, 138, 203, 122, 145, 164, 171, 122, 165, 122, 222, 145, 158, 188, 173]
[70, 52, 68] [148, 136, 122, 160, 122, 225, 122, 175, 165, 155, 166, 132, 217, 151, 122, 167]
[60, 69, 68] [137, 122, 171, 122, 177, 122, 171, 122, 153, 122, 156, 148, 123, 122, 152, 132]
[69, 49, 68] [148, 136, 122, 160, 122, 135, 122, 155, 122, 155, 122, 132, 122, 137, 122, 140]
[68, 60, 68] [145, 191, 194, 136, 189, 155, 223, 122, 237, 122, 187, 203, 174, 236, 219, 126]
[58, 62, 68] [195, 195, 137, 183, 122, 169, 144, 162, 143, 170, 122, 212, 134, 161, 161, 159]
[60, 61, 68] [195, 195, 137, 183, 122, 225, 144, 182, 154, 170, 166, 212, 217, 147, 161, 187]
[64, 57, 68] [184, 222, 138, 203, 122, 225, 164, 175, 154, 159, 166, 222, 217, 158, 188, 167]
[56, 64, 68] [184, 222, 138, 203, 122, 225, 164, 182, 154, 165, 166, 222, 217, 158, 188, 187]
[76, 55, 68] [122, 122, 152, 122, 177, 122, 157, 122, 153, 122, 156, 122, 123, 122, 137, 122]
[59, 69, 68] [122, 122, 152, 122, 179, 140, 157, 122, 184, 122, 174, 122, 143, 143, 137, 122]
[62, 67, 69] [145, 191, 194, 136, 177, 122, 223, 122, 153, 122, 156, 203, 123, 140, 219, 122]
[68, 53, 69] [176, 178, 122, 181, 122, 215, 130, 162, 165, 167, 152, 177, 186, 151, 146, 159]
[63, 58, 69] [166, 178, 122, 181, 122, 225, 130, 175, 154, 157, 166, 177, 217, 147, 146, 167]
[69, 59, 69] [126, 147, 173, 136, 177, 215, 190, 159, 165, 140, 156, 158, 186, 151, 178, 133]
[57, 62, 69] [155, 204, 122, 201, 122, 169, 150, 155, 143, 155, 122, 187, 134, 182, 173, 140]
[69, 68, 69] [148, 161, 122, 179, 122, 179, 122, 165, 132, 155, 134, 142, 165, 171, 132, 153]
[85, 34, 69] [148, 136, 122, 160, 122, 135, 122, 155, 122, 155, 122, 132, 122, 137, 122, 140]
[71, 61, 69] [187, 147, 189, 160, 196, 135, 190, 155, 131, 155, 147, 163, 145, 137, 178, 218]
[69, 52, 69] [195, 222, 138, 203, 122, 169, 164, 155, 143, 170, 122, 222, 134, 161, 188, 146]
[63, 57, 69] [155, 204, 122, 201, 122, 215, 150, 159, 165, 155, 152, 187, 186, 182, 173, 140]
[73, 50, 69] [176, 178, 122, 181, 122, 135, 130, 162, 122, 167, 122, 177, 122, 147, 146, 159]
[76, 53, 69] [122, 157, 155, 131, 177, 122, 196, 122, 173, 122, 156, 133, 123, 188, 190, 122]
[61, 60, 69] [166, 178, 122, 181, 122, 225, 130, 175, 154, 157, 166, 177, 217, 147, 146, 167]
[70, 72, 69] [122, 130, 154, 122, 177, 122, 177, 122, 163, 122, 156, 123, 123, 153, 164, 122]
[55, 66, 69] [176, 204, 122, 201, 122, 190, 150, 182, 122, 167, 148, 187, 197, 182, 173, 187]
[54, 67, 69] [158, 161, 122, 179, 122, 190, 122, 182, 132, 165, 148, 142, 197, 171, 132, 187]
[71, 71, 70] [126, 147, 173, 122, 177, 122, 190, 122, 153, 122, 156, 158, 123, 129, 178, 122]
[66, 62, 70] [122, 122, 152, 122, 177, 122, 157, 122, 153, 122, 156, 122, 123, 122, 137, 122]
[70, 49, 70] [176, 153, 122, 162, 122, 135, 122, 162, 122, 167, 122, 167, 122, 137, 122, 159]
[68, 60, 70] [145, 191, 194, 136, 189, 150, 223, 122, 174, 122, 187, 203, 174, 140, 219, 126]
[66, 63, 70] [122, 122, 152, 122, 188, 122, 157, 122, 153, 122, 169, 122, 154, 122, 137, 145]
[74, 67, 70] [122, 122, 152, 122, 177, 122, 157, 122, 153, 122, 156, 122, 123, 122, 137, 122]
[71, 70, 70] [227, 173, 174, 134, 177, 122, 210, 200, 163, 202, 156, 183, 136, 164, 205, 245]
[71, 59, 70] [166, 187, 191, 198, 174, 135, 185, 155, 131, 155, 122, 183, 122, 206, 166, 152]
[62, 59, 70] [166, 178, 122, 181, 122, 190, 130, 182, 132, 163, 148, 177, 197, 147, 146, 187]
[55, 72, 71] [122, 122, 152, 122, 177, 122, 157, 122, 153, 122, 156, 122, 123, 122, 137, 122]
[56, 65, 71] [166, 178, 122, 181, 122, 135, 130, 155, 122, 157, 122, 177, 122, 147, 146, 140]
[63, 66, 71] [126, 147, 173, 122, 177, 122, 190, 122, 153, 122, 156, 158, 123, 129, 178, 122]
[72, 71, 71] [156, 165, 192, 122, 186, 122, 204, 122, 153, 122, 156, 193, 134, 122, 192, 165]
[57, 70, 71] [145, 191, 194, 136, 177, 122, 223, 122, 153, 122, 156, 203, 123, 140, 219, 122]
[75, 57, 71] [122, 122, 152, 122, 177, 122, 157, 122, 153, 122, 156, 122, 123, 122, 137, 122]
[57, 71, 71] [156, 165, 192, 122, 188, 122, 204, 122, 153, 122, 169, 193, 154, 122, 192, 145]
[69, 59, 71] [126, 147, 173, 156, 177, 205, 190, 143, 175, 129, 156, 158, 154, 185, 178, 122]
[71, 50, 71] [187, 136, 122, 160, 122, 205, 122, 178, 175, 178, 139, 157, 154, 185, 122, 192]
[55, 65, 72] [148, 136, 122, 160, 122, 169, 122, 155, 143, 155, 122, 132, 134, 161, 122, 140]
[72, 51, 72] [187, 136, 122, 160, 122, 135, 122, 178, 122, 178, 122, 157, 125, 137, 122, 192]
[71, 51, 72] [197, 136, 122, 160, 122, 169, 122, 194, 143, 189, 122, 147, 157, 161, 122, 226]
[69, 51, 72] [148, 136, 122, 160, 122, 239, 122, 182, 207, 163, 157, 132, 197, 209, 122, 187]
[60, 61, 72] [148, 136, 122, 160, 122, 135, 122, 155, 122, 155, 122, 132, 122, 137, 122, 140]
[70, 66, 72] [148, 136, 122, 160, 122, 135, 122, 155, 122, 155, 122, 132, 122, 137, 122, 140]
[121, 98, 73] [148, 136, 122, 160, 122, 135, 122, 155, 122, 155, 122, 132, 122, 137, 122, 140]
[68, 60, 73] [122, 122, 152, 122, 189, 150, 157, 122, 174, 122, 187, 122, 174, 122, 137, 126]
[66, 56, 73] [148, 136, 122, 160, 122, 135, 122, 155, 122, 155, 122, 132, 122, 137, 122, 140]
[75, 48, 73] [148, 136, 122, 160, 122, 135, 122, 155, 122, 155, 122, 132, 122, 137, 122, 140]
[65, 56, 73] [148, 136, 122, 160, 122, 169, 122, 155, 143, 155, 122, 132, 134, 161, 122, 140]
[119, 56, 73] [148, 136, 122, 160, 122, 135, 122, 155, 122, 155, 122, 132, 122, 137, 122, 140]
[66, 55, 73] [166, 178, 122, 181, 122, 135, 130, 155, 122, 157, 122, 177, 122, 171, 146, 140]
[54, 68, 73] [148, 136, 122, 160, 122, 135, 122, 155, 122, 155, 122, 132, 122, 137, 122, 140]
[67, 54, 73] [184, 222, 138, 203, 122, 135, 164, 155, 122, 159, 122, 222, 122, 182, 188, 140]
[57, 70, 73] [122, 130, 154, 122, 177, 122, 177, 122, 163, 122, 156, 123, 123, 153, 164, 122]
[54, 66, 73] [148, 187, 122, 198, 122, 215, 136, 165, 165, 155, 152, 152, 186, 206, 159, 153]
[56, 63, 73] [155, 204, 122, 201, 122, 135, 150, 155, 131, 155, 122, 187, 122, 206, 173, 140]
[70, 67, 73] [158, 136, 122, 160, 122, 145, 122, 171, 122, 165, 122, 132, 145, 137, 122, 173]
[70, 64, 74] [148, 187, 122, 198, 122, 135, 136, 155, 131, 155, 122, 152, 122, 206, 159, 140]
[75, 51, 74] [148, 136, 122, 160, 122, 135, 122, 155, 122, 155, 122, 132, 122, 137, 122, 140]
[67, 55, 74] [195, 195, 137, 183, 122, 145, 144, 171, 122, 170, 122, 212, 145, 147, 161, 173]
[69, 69, 74] [148, 136, 122, 160, 122, 190, 122, 182, 122, 163, 148, 132, 197, 137, 122, 187]
[63, 58, 74] [148, 136, 122, 160, 122, 225, 122, 175, 154, 155, 166, 132, 217, 137, 122, 167]
[66, 62, 74] [122, 122, 152, 122, 202, 196, 157, 122, 196, 122, 218, 122, 226, 122, 137, 140]
[70, 63, 74] [148, 161, 122, 179, 122, 135, 122, 155, 122, 155, 122, 142, 122, 171, 132, 140]
[57, 62, 75] [166, 178, 122, 181, 122, 135, 130, 155, 122, 157, 122, 177, 122, 147, 146, 140]
[56, 70, 75] [122, 122, 152, 122, 179, 140, 157, 122, 184, 122, 174, 122, 143, 143, 137, 122]
[59, 69, 75] [156, 165, 192, 122, 177, 122, 204, 122, 153, 122, 156, 193, 123, 122, 192, 122]
[69, 59, 75] [126, 147, 173, 122, 177, 122, 190, 122, 153, 122, 156, 158, 123, 129, 178, 122]
[64, 57, 75] [166, 178, 122, 181, 122, 215, 130, 165, 165, 157, 152, 177, 186, 151, 146, 153]
[56, 64, 75] [158, 136, 122, 160, 122, 190, 122, 182, 122, 165, 148, 132, 197, 137, 122, 187]
[57, 70, 76] [137, 122, 171, 122, 191, 185, 171, 122, 207, 122, 205, 148, 194, 133, 152, 132]
[71, 58, 76] [156, 165, 192, 160, 163, 135, 204, 155, 122, 155, 122, 193, 122, 137, 192, 140]
[54, 67, 76] [148, 136, 122, 160, 122, 135, 122, 155, 122, 155, 122, 132, 122, 137, 122, 140]
[72, 71, 77] [122, 122, 152, 122, 177, 122, 157, 122, 153, 122, 156, 122, 123, 122, 137, 122]
[71, 71, 77] [122, 122, 152, 122, 179, 140, 157, 122, 184, 122, 174, 122, 143, 143, 137, 122]
[69, 52, 77] [148, 136, 122, 160, 122, 135, 122, 155, 122, 155, 122, 132, 122, 137, 122, 140]
[62, 59, 77] [148, 136, 122, 160, 122, 135, 122, 155, 122, 155, 122, 132, 122, 137, 122, 140]
[69, 61, 77] [129, 122, 152, 122, 199, 126, 157, 122, 153, 122, 182, 122, 185, 122, 137, 179]
[68, 60, 77] [122, 122, 152, 122, 189, 150, 163, 122, 195, 122, 187, 122, 174, 177, 149, 126]
[57, 73, 78] [122, 122, 152, 122, 177, 122, 157, 122, 153, 122, 156, 122, 123, 122, 137, 122]
[70, 72, 78] [122, 122, 152, 122, 191, 185, 157, 122, 207, 122, 205, 122, 194, 133, 137, 126]
[73, 51, 78] [148, 136, 122, 160, 122, 135, 122, 155, 122, 155, 122, 132, 122, 137, 122, 140]
[68, 53, 78] [148, 136, 122, 160, 122, 179, 122, 165, 132, 155, 134, 132, 165, 137, 122, 153]
[66, 69, 78] [122, 122, 152, 122, 177, 122, 157, 122, 153, 122, 156, 122, 123, 122, 137, 122]
[61, 60, 78] [148, 136, 122, 160, 122, 179, 122, 165, 132, 155, 134, 132, 165, 137, 122, 153]
[32, 28, 78] [122, 122, 152, 122, 177, 122, 157, 122, 153, 122, 156, 122, 123, 122, 137, 122]
[56, 70, 78] [122, 122, 152, 122, 179, 140, 157, 122, 184, 122, 174, 122, 143, 143, 137, 122]
[52, 90, 79] [122, 122, 152, 122, 177, 122, 157, 122, 153, 122, 156, 122, 123, 122, 137, 122]
[57, 70, 79] [137, 122, 171, 122, 177, 122, 171, 122, 153, 122, 156, 148, 123, 122, 152, 132]
[68, 65, 79] [122, 122, 152, 122, 177, 122, 157, 122, 153, 122, 156, 122, 123, 122, 137, 122]
[55, 65, 79] [148, 136, 122, 160, 122, 135, 122, 155, 122, 155, 122, 132, 122, 137, 122, 140]
[69, 68, 79] [148, 136, 122, 160, 122, 135, 122, 155, 122, 155, 122, 132, 122, 137, 122, 140]
[67, 73, 80] [122, 122, 152, 122, 177, 122, 157, 122, 153, 122, 156, 122, 123, 122, 137, 122]
[91, 122, 80] [122, 122, 152, 122, 177, 122, 157, 122, 153, 122, 156, 122, 123, 122, 137, 122]
[74, 68, 80] [122, 122, 152, 122, 177, 122, 157, 122, 153, 122, 156, 122, 123, 122, 137, 122]
[76, 53, 81] [122, 122, 152, 122, 177, 122, 157, 122, 153, 122, 156, 122, 123, 122, 137, 122]
[73, 69, 81] [122, 122, 152, 122, 189, 150, 157, 122, 174, 122, 187, 122, 174, 122, 137, 126]
[58, 62, 81] [148, 136, 122, 160, 122, 135, 122, 155, 122, 155, 122, 132, 122, 137, 122, 140]
[69, 59, 82] [122, 122, 152, 122, 177, 122, 157, 122, 153, 122, 156, 122, 123, 122, 137, 122]
[56, 70, 82] [122, 122, 152, 122, 177, 122, 157, 122, 153, 122, 156, 122, 123, 122, 137, 122]
[64, 56, 82] [148, 136, 122, 160, 122, 135, 122, 155, 122, 155, 122, 132, 122, 137, 122, 140]
[72, 71, 82] [122, 122, 152, 122, 200, 160, 157, 122, 164, 122, 200, 122, 205, 122, 137, 160]
[70, 51, 82] [148, 136, 122, 160, 122, 135, 122, 155, 122, 155, 122, 132, 122, 137, 122, 140]
[60, 61, 82] [195, 195, 137, 183, 122, 135, 144, 155, 122, 170, 122, 212, 122, 137, 161, 146]
[57, 70, 83] [137, 122, 171, 122, 177, 122, 171, 122, 153, 122, 156, 148, 123, 122, 152, 132]
[64, 55, 83] [148, 161, 122, 179, 122, 135, 122, 155, 122, 155, 122, 142, 122, 171, 132, 140]
[55, 64, 83] [148, 136, 122, 160, 122, 135, 122, 155, 122, 155, 122, 132, 122, 137, 122, 140]
[75, 45, 83] [148, 136, 122, 160, 122, 135, 122, 155, 122, 155, 122, 132, 122, 137, 122, 140]
[66, 55, 83] [205, 195, 137, 183, 122, 135, 144, 168, 122, 180, 122, 212, 122, 137, 161, 179]
[72, 48, 83] [148, 136, 122, 160, 122, 135, 122, 155, 122, 155, 122, 132, 122, 137, 122, 140]
[70, 66, 83] [148, 136, 122, 160, 122, 135, 122, 155, 122, 155, 122, 132, 122, 137, 122, 140]
[71, 51, 84] [176, 153, 122, 162, 122, 135, 122, 162, 122, 167, 122, 167, 122, 137, 122, 159]
[73, 50, 84] [197, 195, 137, 183, 122, 135, 144, 194, 122, 189, 122, 212, 157, 137, 161, 226]
[74, 50, 84] [227, 153, 133, 162, 122, 135, 122, 200, 122, 202, 122, 183, 136, 137, 122, 245]
[109, 68, 84] [148, 136, 122, 160, 122, 135, 122, 155, 122, 155, 122, 132, 122, 137, 122, 140]
[57, 62, 84] [184, 222, 138, 203, 122, 135, 164, 155, 122, 159, 122, 222, 122, 158, 188, 140]
[54, 68, 84] [148, 136, 122, 160, 122, 135, 122, 155, 122, 155, 122, 132, 122, 137, 122, 140]
[56, 63, 85] [166, 178, 122, 181, 122, 179, 130, 165, 132, 157, 134, 177, 165, 147, 146, 153]
[57, 71, 85] [122, 122, 152, 122, 188, 122, 157, 122, 153, 122, 169, 122, 154, 122, 137, 145]
[70, 71, 85] [122, 122, 152, 122, 177, 122, 157, 122, 153, 122, 156, 122, 123, 122, 137, 122]
[69, 69, 85] [148, 140, 136, 160, 157, 135, 183, 155, 205, 155, 148, 132, 122, 212, 176, 140]
[65, 56, 85] [187, 136, 122, 160, 122, 179, 122, 178, 132, 178, 134, 157, 165, 137, 122, 192]
[54, 67, 86] [148, 161, 122, 179, 122, 135, 122, 155, 122, 155, 122, 142, 122, 171, 132, 140]
[71, 58, 86] [148, 136, 122, 160, 122, 135, 122, 155, 122, 155, 122, 132, 122, 137, 122, 140]
[73, 69, 86] [122, 122, 152, 122, 177, 122, 157, 122, 153, 122, 156, 122, 123, 122, 137, 122]
[59, 80, 87] [122, 122, 152, 122, 177, 122, 157, 122, 153, 122, 156, 122, 123, 122, 137, 122]
[54, 80, 87] [122, 122, 152, 122, 177, 122, 157, 122, 153, 122, 156, 122, 123, 122, 137, 122]
[54, 66, 87] [148, 161, 122, 179, 122, 135, 122, 155, 122, 155, 122, 142, 122, 171, 132, 140]
[67, 61, 87] [122, 122, 152, 122, 177, 122, 157, 122, 153, 122, 156, 122, 123, 122, 137, 122]
[47, 81, 87] [122, 122, 152, 122, 177, 122, 157, 122, 153, 122, 156, 122, 123, 122, 137, 122]
[70, 72, 87] [122, 122, 152, 122, 188, 122, 157, 122, 153, 122, 169, 122, 154, 122, 137, 145]
[68, 61, 87] [137, 122, 171, 122, 177, 122, 171, 122, 153, 122, 156, 148, 123, 122, 152, 132]
[70, 58, 87] [122, 122, 152, 158, 177, 169, 157, 149, 153, 142, 156, 122, 134, 161, 137, 122]
[71, 59, 87] [158, 136, 170, 160, 186, 145, 152, 171, 122, 165, 152, 138, 145, 137, 125, 173]
[55, 108, 87] [122, 122, 152, 122, 177, 122, 157, 122, 153, 122, 156, 122, 123, 122, 137, 122]
[61, 70, 88] [122, 122, 152, 122, 177, 122, 157, 122, 153, 122, 156, 122, 123, 122, 137, 122]
[56, 70, 88] [122, 122, 152, 122, 177, 122, 157, 122, 153, 122, 156, 122, 123, 122, 137, 122]
[95, 11, 88] [122, 122, 152, 122, 177, 122, 157, 122, 153, 122, 156, 122, 123, 122, 137, 122]
[69, 52, 88] [148, 136, 122, 160, 122, 135, 122, 155, 122, 155, 122, 132, 122, 137, 122, 140]
[75, 22, 88] [122, 122, 152, 122, 177, 122, 157, 122, 153, 122, 156, 122, 123, 122, 137, 122]
[72, 71, 88] [156, 165, 192, 122, 200, 160, 204, 122, 164, 122, 200, 193, 205, 122, 192, 160]
[66, 62, 88] [122, 122, 152, 122, 191, 185, 157, 122, 207, 122, 205, 122, 194, 133, 137, 126]
[58, 61, 89] [148, 136, 122, 160, 122, 135, 122, 155, 122, 155, 122, 132, 122, 137, 122, 140]
[60, 60, 89] [195, 195, 137, 183, 122, 135, 144, 155, 122, 170, 122, 212, 122, 137, 161, 146]
[68, 53, 89] [148, 136, 122, 160, 122, 179, 122, 165, 132, 155, 134, 132, 165, 137, 122, 153]
[39, 85, 89] [122, 122, 152, 122, 177, 122, 157, 122, 153, 122, 156, 122, 123, 122, 137, 122]
[50, 71, 90] [122, 122, 152, 122, 177, 122, 157, 122, 153, 122, 156, 122, 123, 122, 137, 122]
[69, 75, 90] [122, 122, 152, 122, 177, 122, 157, 122, 153, 122, 156, 122, 123, 122, 137, 122]
[70, 58, 90] [122, 122, 152, 122, 177, 122, 157, 122, 153, 122, 156, 122, 123, 122, 137, 122]
[61, 59, 90] [166, 178, 122, 181, 122, 135, 130, 155, 122, 157, 122, 177, 122, 147, 146, 140]
[54, 77, 90] [122, 122, 152, 122, 177, 122, 157, 122, 153, 122, 156, 122, 123, 122, 137, 122]
[70, 71, 90] [122, 122, 152, 122, 180, 175, 157, 122, 217, 122, 192, 122, 163, 167, 137, 122]
[63, 71, 90] [177, 122, 190, 122, 185, 122, 166, 122, 153, 122, 156, 174, 123, 122, 140, 185]
[67, 61, 91] [122, 122, 152, 122, 177, 122, 157, 122, 153, 122, 156, 122, 123, 122, 137, 122]
[70, 50, 91] [148, 136, 122, 160, 122, 135, 122, 155, 122, 155, 122, 132, 122, 137, 122, 140]
[65, 55, 91] [148, 136, 122, 160, 122, 135, 122, 155, 122, 155, 122, 132, 122, 137, 122, 140]
[73, 69, 91] [122, 122, 152, 122, 177, 122, 157, 122, 153, 122, 156, 122, 123, 122, 137, 122]
[68, 60, 91] [126, 147, 173, 122, 202, 196, 190, 122, 196, 122, 218, 158, 226, 129, 178, 140]
[80, 14, 92] [148, 136, 122, 160, 122, 135, 122, 155, 122, 155, 122, 132, 122, 137, 122, 140]
[57, 70, 92] [122, 122, 152, 122, 177, 122, 157, 122, 153, 122, 156, 122, 123, 122, 137, 122]
[63, 57, 92] [148, 136, 122, 160, 122, 225, 122, 175, 154, 155, 166, 132, 217, 137, 122, 167]
[70, 64, 92] [148, 136, 122, 160, 122, 135, 122, 155, 122, 155, 122, 132, 122, 137, 122, 140]
[1, 116, 92] [148, 136, 122, 160, 122, 135, 122, 155, 122, 155, 122, 132, 122, 137, 122, 140]
[64, 64, 92] [122, 122, 152, 122, 177, 122, 157, 122, 153, 122, 156, 122, 123, 122, 137, 122]
[70, 58, 92] [145, 191, 194, 136, 177, 122, 223, 122, 153, 122, 156, 203, 123, 140, 219, 122]
[79, 46, 92] [148, 136, 122, 160, 122, 135, 122, 155, 122, 155, 122, 132, 122, 137, 122, 140]
[75, 39, 93] [148, 136, 122, 160, 122, 135, 122, 155, 122, 155, 122, 132, 122, 137, 122, 140]
[61, 54, 93] [148, 136, 122, 160, 122, 135, 122, 155, 122, 155, 122, 132, 122, 137, 122, 140]
[11, 34, 93] [148, 136, 122, 160, 122, 135, 122, 155, 122, 155, 122, 132, 122, 137, 122, 140]
[25, 75, 93] [148, 136, 122, 160, 122, 135, 122, 155, 122, 155, 122, 132, 122, 137, 122, 140]
[74, 61, 93] [122, 122, 152, 122, 177, 122, 157, 122, 153, 122, 156, 122, 123, 122, 137, 122]
[71, 48, 93] [155, 204, 122, 201, 122, 135, 150, 155, 122, 155, 122, 187, 122, 182, 173, 140]
[11, 33, 93] [148, 161, 122, 179, 122, 135, 122, 155, 122, 155, 122, 142, 122, 171, 132, 140]
[86, 76, 93] [148, 136, 122, 160, 122, 135, 122, 155, 122, 155, 122, 132, 122, 137, 122, 140]
[76, 49, 93] [148, 136, 122, 160, 122, 135, 122, 155, 122, 155, 122, 132, 122, 137, 122, 140]
[35, 26, 93] [148, 136, 122, 160, 122, 135, 122, 155, 122, 155, 122, 132, 122, 137, 122, 140]
[62, 59, 94] [148, 136, 122, 160, 122, 190, 122, 182, 122, 163, 148, 132, 197, 137, 122, 187]
[55, 65, 94] [148, 136, 122, 160, 122, 135, 122, 155, 122, 155, 122, 132, 122, 137, 122, 140]
[70, 58, 95] [122, 122, 152, 122, 177, 122, 157, 122, 153, 122, 156, 122, 123, 122, 137, 122]
[67, 61, 95] [122, 122, 152, 122, 177, 122, 157, 122, 153, 122, 156, 122, 123, 122, 137, 122]
[57, 44, 95] [148, 136, 122, 160, 122, 135, 122, 155, 122, 155, 122, 132, 122, 137, 122, 140]
[32, 28, 95] [148, 136, 122, 160, 122, 135, 122, 155, 122, 155, 122, 132, 122, 137, 122, 140]
[70, 71, 95] [122, 122, 152, 122, 177, 122, 157, 122, 153, 122, 156, 122, 123, 122, 137, 122]
[64, 64, 96] [122, 122, 152, 122, 177, 122, 157, 122, 153, 122, 156, 122, 123, 122, 137, 122]
[56, 62, 96] [148, 136, 122, 160, 122, 135, 122, 155, 122, 155, 122, 132, 122, 137, 122, 140]
[77, 51, 96] [148, 136, 122, 160, 122, 135, 122, 155, 122, 155, 122, 132, 122, 137, 122, 140]
[39, 85, 96] [148, 136, 122, 160, 122, 135, 122, 155, 122, 155, 122, 132, 122, 137, 122, 140]
[7, 28, 96] [148, 136, 122, 160, 122, 135, 122, 155, 122, 155, 122, 132, 122, 137, 122, 140]
[68, 52, 96] [148, 136, 122, 160, 122, 135, 122, 155, 122, 155, 122, 132, 122, 137, 122, 140]
[84, 46, 96] [148, 136, 122, 160, 122, 135, 122, 155, 122, 155, 122, 132, 122, 137, 122, 140]
[28, 4, 96] [148, 136, 122, 160, 122, 135, 122, 155, 122, 155, 122, 132, 122, 137, 122, 140]
[17, 22, 97] [148, 136, 122, 160, 122, 135, 122, 155, 122, 155, 122, 132, 122, 137, 122, 140]
[20, 31, 97] [148, 136, 122, 160, 122, 135, 122, 155, 122, 155, 122, 132, 122, 137, 122, 140]
[76, 59, 97] [148, 136, 122, 160, 122, 135, 122, 155, 122, 155, 122, 132, 122, 137, 122, 140]
[72, 71, 97] [166, 139, 191, 122, 177, 122, 185, 122, 153, 122, 156, 183, 123, 122, 166, 152]
[69, 68, 98] [148, 136, 122, 160, 122, 135, 122, 155, 122, 155, 122, 132, 122, 137, 122, 140]
[95, 11, 98] [148, 136, 122, 160, 122, 135, 122, 155, 122, 155, 122, 132, 122, 137, 122, 140]
[59, 69, 98] [122, 122, 152, 122, 177, 122, 157, 122, 153, 122, 156, 122, 123, 122, 137, 122]
[55, 70, 98] [122, 122, 152, 122, 177, 122, 157, 122, 153, 122, 156, 122, 123, 122, 137, 122]
[70, 58, 98] [122, 122, 152, 122, 177, 122, 157, 122, 153, 122, 156, 122, 123, 122, 137, 122]
[35, 26, 98] [122, 122, 152, 122, 177, 122, 157, 122, 153, 122, 156, 122, 123, 122, 137, 122]
[73, 69, 99] [122, 173, 174, 134, 177, 122, 210, 122, 153, 122, 156, 168, 123, 164, 205, 122]
[64, 64, 100] [122, 122, 152, 122, 177, 122, 157, 122, 153, 122, 156, 122, 123, 122, 137, 122]
[36, 68, 100] [122, 122, 152, 122, 177, 122, 157, 122, 153, 122, 156, 122, 123, 122, 137, 122]
[59, 61, 100] [148, 136, 122, 160, 122, 135, 122, 155, 122, 155, 122, 132, 122, 137, 122, 140]
[59, 63, 100] [169, 136, 122, 160, 122, 155, 122, 188, 122, 176, 130, 132, 177, 137, 122, 206]
[67, 61, 100] [122, 122, 152, 122, 177, 122, 157, 122, 153, 122, 156, 122, 123, 122, 137, 122]
[69, 71, 101] [122, 122, 152, 122, 177, 122, 157, 122, 153, 122, 156, 122, 123, 122, 137, 122]
[95, 11, 101] [148, 136, 152, 160, 177, 135, 157, 155, 153, 155, 156, 132, 123, 137, 137, 140]
[71, 71, 101] [166, 139, 191, 122, 177, 122, 185, 122, 153, 122, 156, 183, 123, 122, 166, 152]
[57, 44, 101] [122, 122, 152, 122, 177, 122, 157, 122, 153, 122, 156, 122, 123, 122, 137, 122]
[70, 71, 102] [137, 122, 171, 122, 179, 140, 171, 122, 184, 122, 174, 148, 143, 143, 152, 132]
[109, 45, 103] [148, 136, 122, 160, 122, 135, 122, 155, 122, 155, 122, 132, 122, 137, 122, 140]
[119, 12, 103] [148, 136, 122, 160, 122, 135, 122, 155, 122, 155, 122, 132, 122, 137, 122, 140]
[65, 62, 103] [122, 122, 152, 122, 177, 122, 157, 122, 153, 122, 156, 122, 123, 122, 137, 122]
[55, 70, 104] [122, 122, 152, 122, 177, 122, 157, 122, 153, 122, 156, 122, 123, 122, 137, 122]
[70, 58, 104] [122, 122, 152, 122, 177, 122, 157, 122, 153, 122, 156, 122, 123, 122, 137, 122]
[64, 64, 105] [122, 122, 152, 122, 200, 160, 157, 122, 164, 122, 200, 122, 205, 122, 137, 160]
[58, 70, 105] [122, 122, 152, 122, 177, 122, 157, 122, 153, 122, 156, 122, 123, 122, 137, 122]
[70, 72, 105] [122, 122, 152, 122, 177, 122, 157, 122, 153, 122, 156, 122, 123, 122, 137, 122]
[76, 53, 105] [122, 122, 152, 122, 177, 122, 157, 122, 153, 122, 156, 122, 123, 122, 137, 122]
[69, 80, 105] [122, 122, 152, 122, 177, 122, 157, 122, 153, 122, 156, 122, 123, 122, 137, 122]
[75, 57, 106] [122, 122, 152, 122, 177, 122, 157, 122, 153, 122, 156, 122, 123, 122, 137, 122]
[65, 62, 107] [122, 173, 174, 134, 177, 122, 210, 122, 153, 122, 156, 168, 123, 164, 205, 122]
[56, 72, 107] [122, 122, 152, 122, 177, 122, 157, 122, 153, 122, 156, 122, 123, 122, 137, 122]
[70, 57, 108] [122, 122, 152, 122, 177, 122, 157, 122, 153, 122, 156, 122, 123, 122, 137, 122]
[67, 61, 108] [156, 165, 192, 122, 177, 122, 204, 122, 153, 122, 156, 193, 123, 122, 192, 122]
[59, 80, 108] [122, 122, 152, 122, 177, 122, 157, 122, 153, 122, 156, 122, 123, 122, 137, 122]
[58, 70, 109] [122, 122, 152, 122, 177, 122, 157, 122, 153, 122, 156, 122, 123, 122, 137, 122]
[59, 78, 109] [122, 157, 155, 131, 177, 122, 196, 122, 173, 122, 156, 133, 123, 188, 190, 122]
[29, 72, 109] [122, 122, 152, 122, 177, 122, 157, 122, 153, 122, 156, 122, 123, 122, 137, 122]
[55, 70, 109] [122, 140, 152, 129, 182, 210, 183, 122, 249, 122, 209, 122, 183, 212, 176, 122]
[75, 56, 110] [122, 122, 152, 122, 177, 122, 157, 122, 153, 122, 156, 122, 123, 122, 137, 122]
[42, 80, 110] [122, 122, 152, 122, 177, 122, 157, 122, 153, 122, 156, 122, 123, 122, 137, 122]
[39, 82, 110] [122, 122, 152, 122, 177, 122, 157, 122, 153, 122, 156, 122, 123, 122, 137, 122]
[55, 73, 110] [122, 122, 152, 122, 177, 122, 157, 122, 153, 122, 156, 122, 123, 122, 137, 122]
[61, 75, 110] [122, 122, 152, 122, 177, 122, 157, 122, 153, 122, 156, 122, 123, 122, 137, 122]
[61, 71, 110] [122, 122, 152, 122, 177, 122, 157, 122, 153, 122, 156, 122, 123, 122, 137, 122]
[121, 98, 110] [122, 122, 152, 122, 177, 122, 157, 122, 153, 122, 156, 122, 123, 122, 137, 122]
[65, 63, 110] [122, 122, 152, 122, 177, 122, 157, 122, 153, 122, 156, 122, 123, 122, 137, 122]
[116, 101, 110] [122, 122, 152, 122, 177, 122, 157, 122, 153, 122, 156, 122, 123, 122, 137, 122]
[52, 72, 111] [122, 122, 152, 122, 177, 122, 157, 122, 153, 122, 156, 122, 123, 122, 137, 122]
[65, 62, 111] [122, 130, 154, 122, 177, 122, 177, 122, 163, 122, 156, 123, 123, 153, 164, 122]
[70, 71, 111] [122, 122, 152, 122, 177, 122, 157, 122, 153, 122, 156, 122, 123, 122, 137, 122]
[63, 65, 111] [122, 122, 152, 122, 202, 196, 157, 122, 196, 122, 218, 122, 226, 122, 137, 140]
[64, 64, 111] [126, 147, 173, 122, 200, 160, 190, 122, 174, 122, 200, 158, 205, 129, 178, 160]
[56, 70, 111] [137, 122, 171, 122, 180, 175, 171, 122, 217, 122, 192, 148, 163, 167, 152, 132]
[66, 55, 111] [148, 136, 122, 160, 122, 135, 122, 155, 122, 155, 122, 132, 122, 137, 122, 140]
[71, 51, 111] [148, 136, 122, 160, 122, 135, 122, 155, 122, 155, 122, 132, 122, 137, 122, 140]
[70, 58, 111] [122, 122, 152, 122, 177, 122, 157, 122, 153, 122, 156, 122, 123, 122, 137, 122]
[75, 60, 112] [122, 122, 152, 122, 177, 122, 157, 122, 153, 122, 156, 122, 123, 122, 137, 122]
[56, 63, 112] [148, 136, 122, 160, 122, 135, 122, 155, 122, 155, 122, 132, 122, 137, 122, 140]
[72, 50, 112] [166, 178, 122, 181, 122, 135, 130, 155, 122, 157, 122, 177, 122, 147, 146, 140]
[70, 57, 112] [122, 130, 154, 122, 177, 122, 177, 122, 163, 122, 156, 123, 123, 153, 164, 122]
[76, 52, 112] [122, 122, 152, 122, 177, 122, 157, 122, 153, 122, 156, 122, 123, 122, 137, 122]
[69, 97, 112] [122, 122, 152, 122, 177, 122, 157, 122, 153, 122, 156, 122, 123, 122, 137, 122]
[74, 61, 112] [122, 122, 152, 122, 189, 150, 157, 122, 174, 122, 187, 122, 174, 122, 137, 126]
[71, 57, 112] [148, 147, 173, 160, 176, 135, 190, 155, 131, 155, 139, 158, 122, 137, 178, 140]
[70, 63, 112] [148, 136, 122, 160, 122, 135, 122, 155, 122, 155, 122, 132, 122, 137, 122, 140]
[70, 51, 112] [148, 136, 122, 160, 122, 215, 122, 159, 165, 155, 152, 132, 186, 161, 122, 140]
[67, 73, 112] [122, 122, 152, 122, 177, 122, 157, 122, 153, 122, 156, 122, 123, 122, 137, 122]
[69, 52, 112] [148, 136, 122, 160, 122, 215, 122, 165, 165, 155, 152, 132, 186, 151, 122, 153]
[67, 53, 113] [155, 204, 122, 201, 122, 215, 150, 159, 165, 155, 152, 187, 186, 182, 173, 140]
[66, 54, 113] [148, 161, 122, 179, 122, 179, 122, 165, 132, 155, 134, 142, 165, 171, 132, 153]
[73, 50, 113] [195, 195, 137, 183, 122, 135, 144, 162, 122, 170, 122, 212, 122, 137, 161, 159]
[70, 66, 113] [148, 136, 122, 160, 122, 135, 122, 155, 122, 155, 122, 132, 122, 137, 122, 140]
[58, 70, 113] [166, 139, 191, 122, 177, 122, 185, 122, 153, 122, 156, 183, 123, 122, 166, 152]
[61, 59, 113] [148, 136, 122, 160, 122, 135, 122, 155, 122, 155, 122, 132, 122, 137, 122, 140]
[54, 66, 113] [148, 136, 122, 160, 122, 135, 122, 155, 122, 155, 122, 132, 122, 137, 122, 140]
[61, 60, 113] [158, 136, 122, 160, 122, 145, 122, 171, 122, 165, 122, 132, 145, 137, 122, 173]
[72, 71, 113] [166, 139, 191, 122, 177, 122, 185, 122, 153, 122, 156, 183, 123, 122, 166, 152]
[71, 58, 113] [158, 136, 171, 160, 186, 145, 171, 171, 122, 165, 152, 148, 145, 137, 152, 173]
[64, 56, 113] [148, 136, 122, 160, 122, 225, 122, 175, 165, 155, 166, 132, 217, 151, 122, 167]
[70, 63, 113] [148, 213, 122, 218, 122, 135, 155, 155, 142, 155, 122, 162, 122, 240, 185, 140]
[73, 69, 113] [122, 173, 174, 134, 177, 122, 210, 122, 153, 122, 156, 168, 123, 164, 205, 122]
[54, 67, 113] [158, 136, 122, 160, 122, 145, 122, 171, 122, 165, 122, 132, 145, 137, 122, 173]
[54, 68, 113] [169, 136, 122, 160, 122, 155, 122, 188, 122, 176, 130, 132, 177, 137, 122, 206]
[57, 61, 113] [155, 204, 122, 201, 122, 135, 150, 155, 122, 155, 122, 187, 122, 182, 173, 140]
[65, 62, 113] [122, 173, 174, 134, 177, 122, 210, 122, 153, 122, 156, 168, 123, 164, 205, 122]
[51, 74, 113] [122, 122, 152, 122, 200, 160, 157, 122, 164, 122, 200, 122, 205, 122, 137, 160]
[55, 70, 114] [197, 122, 152, 123, 177, 122, 157, 194, 153, 189, 156, 147, 157, 122, 137, 226]
[60, 60, 114] [148, 136, 122, 160, 122, 179, 122, 165, 143, 155, 134, 132, 165, 161, 122, 153]
[69, 71, 114] [122, 122, 152, 122, 177, 122, 157, 122, 153, 122, 156, 122, 123, 122, 137, 122]
[58, 61, 114] [176, 153, 122, 162, 122, 215, 122, 162, 165, 167, 152, 167, 186, 151, 122, 159]
[56, 70, 114] [227, 122, 171, 126, 180, 175, 171, 200, 217, 202, 192, 183, 163, 167, 152, 245]
[73, 50, 114] [176, 153, 122, 162, 122, 135, 122, 162, 122, 167, 122, 167, 122, 137, 122, 159]
[55, 64, 114] [155, 204, 122, 201, 122, 179, 150, 165, 132, 155, 134, 187, 165, 182, 173, 153]
[57, 70, 114] [166, 139, 191, 122, 179, 140, 185, 122, 184, 122, 174, 183, 143, 143, 166, 152]
[74, 50, 114] [205, 170, 136, 164, 122, 135, 125, 168, 122, 180, 122, 202, 122, 137, 135, 179]
[63, 57, 114] [184, 222, 138, 203, 122, 179, 164, 165, 132, 159, 134, 222, 165, 158, 188, 153]
[68, 53, 114] [195, 195, 137, 183, 122, 179, 144, 165, 132, 170, 134, 212, 165, 137, 161, 159]
[67, 92, 114] [122, 122, 152, 122, 177, 122, 157, 122, 153, 122, 156, 122, 123, 122, 137, 122]
[69, 68, 114] [148, 182, 156, 160, 145, 190, 215, 182, 183, 163, 148, 143, 197, 222, 217, 187]
[61, 59, 114] [166, 178, 122, 181, 122, 225, 130, 175, 154, 157, 166, 177, 217, 171, 146, 167]
[62, 58, 114] [184, 222, 138, 203, 122, 225, 164, 175, 154, 159, 166, 222, 217, 182, 188, 167]
[57, 62, 114] [184, 222, 138, 203, 122, 179, 164, 171, 132, 165, 134, 222, 165, 158, 188, 173]
[69, 67, 114] [148, 161, 122, 179, 122, 179, 122, 165, 132, 155, 134, 142, 165, 171, 132, 153]
[59, 61, 114] [205, 195, 137, 183, 122, 225, 144, 175, 165, 180, 166, 212, 217, 151, 161, 179]
[70, 51, 114] [184, 222, 138, 203, 122, 215, 164, 159, 165, 159, 152, 222, 186, 158, 188, 140]
[69, 69, 114] [169, 157, 155, 160, 155, 155, 196, 188, 173, 176, 130, 133, 177, 188, 190, 206]
[75, 56, 114] [122, 122, 152, 122, 177, 122, 157, 122, 153, 122, 156, 122, 123, 122, 137, 122]
[70, 57, 114] [122, 144, 152, 177, 177, 169, 157, 149, 153, 142, 156, 122, 134, 195, 137, 122]
[70, 64, 114] [158, 187, 122, 198, 122, 145, 136, 171, 131, 165, 122, 152, 145, 206, 159, 173]
[74, 61, 114] [122, 122, 152, 122, 189, 150, 157, 122, 174, 122, 187, 122, 174, 122, 137, 126]
[71, 57, 114] [148, 161, 171, 179, 176, 135, 171, 155, 122, 155, 139, 148, 122, 171, 152, 140]
[67, 53, 114] [166, 178, 122, 181, 122, 215, 130, 159, 165, 157, 152, 177, 186, 161, 146, 140]
[65, 64, 114] [129, 122, 152, 122, 199, 126, 157, 122, 153, 122, 182, 122, 185, 122, 137, 179]
[56, 79, 114] [122, 122, 152, 122, 177, 122, 157, 122, 153, 122, 156, 122, 123, 122, 137, 122]
[68, 52, 114] [184, 222, 138, 203, 122, 215, 164, 159, 165, 159, 152, 222, 186, 171, 188, 140]
[54, 66, 115] [148, 187, 122, 198, 122, 190, 136, 182, 131, 163, 148, 152, 197, 206, 159, 187]
[64, 56, 115] [184, 222, 138, 203, 122, 135, 164, 155, 122, 159, 122, 222, 122, 158, 188, 140]
[72, 50, 115] [195, 195, 137, 183, 122, 205, 144, 155, 175, 170, 139, 212, 154, 185, 161, 146]
[69, 52, 115] [195, 195, 137, 183, 122, 179, 144, 165, 132, 170, 134, 212, 165, 147, 161, 159]
[70, 61, 115] [148, 187, 122, 198, 122, 135, 136, 155, 131, 155, 122, 152, 122, 206, 159, 140]
[70, 63, 115] [169, 161, 122, 179, 122, 155, 122, 188, 122, 176, 130, 142, 177, 171, 132, 206]
[62, 67, 115] [122, 122, 152, 122, 177, 122, 157, 122, 153, 122, 156, 122, 123, 122, 137, 122]
[57, 61, 115] [148, 161, 122, 179, 122, 205, 122, 155, 175, 155, 139, 142, 154, 185, 132, 140]
[61, 59, 115] [184, 222, 138, 203, 122, 225, 164, 175, 154, 159, 166, 222, 217, 171, 188, 167]
[71, 51, 115] [195, 195, 137, 183, 122, 215, 144, 165, 165, 170, 152, 212, 186, 151, 161, 159]
[73, 50, 115] [195, 195, 137, 183, 122, 169, 144, 162, 143, 170, 122, 212, 134, 161, 161, 159]
[69, 51, 115] [184, 222, 138, 203, 122, 205, 164, 155, 175, 159, 139, 222, 154, 185, 188, 140]
[65, 55, 115] [184, 222, 138, 203, 122, 225, 164, 175, 154, 159, 166, 222, 217, 158, 188, 167]
[60, 60, 115] [195, 195, 137, 183, 122, 225, 144, 175, 154, 170, 166, 212, 217, 161, 161, 167]
[55, 64, 116] [155, 204, 122, 201, 122, 135, 150, 155, 122, 155, 122, 187, 122, 182, 173, 140]
[58, 61, 116] [176, 178, 122, 181, 122, 215, 130, 162, 165, 167, 152, 177, 186, 161, 146, 159]
[56, 62, 116] [155, 204, 122, 201, 122, 215, 150, 165, 165, 155, 152, 187, 186, 182, 173, 153]
[65, 63, 116] [122, 130, 154, 122, 177, 122, 177, 122, 163, 122, 156, 123, 123, 153, 164, 122]
[66, 55, 116] [195, 195, 137, 183, 122, 190, 144, 182, 122, 170, 148, 212, 197, 137, 161, 187]
[63, 57, 116] [184, 222, 138, 203, 122, 225, 164, 175, 154, 159, 166, 222, 217, 158, 188, 167]
[63, 65, 116] [122, 173, 174, 134, 202, 196, 210, 122, 207, 122, 218, 168, 226, 164, 205, 140]
[73, 70, 116] [122, 122, 152, 122, 177, 122, 157, 122, 153, 122, 156, 122, 123, 122, 137, 122]
[65, 62, 116] [122, 157, 155, 131, 177, 122, 196, 122, 173, 122, 156, 133, 123, 188, 190, 122]
[69, 66, 116] [148, 187, 122, 198, 122, 190, 136, 182, 131, 163, 148, 152, 197, 206, 159, 187]
[69, 67, 116] [158, 187, 122, 198, 122, 145, 136, 171, 131, 165, 122, 152, 145, 206, 159, 173]
[70, 51, 116] [195, 195, 137, 183, 122, 215, 144, 162, 165, 170, 152, 212, 186, 161, 161, 159]
[62, 58, 116] [184, 222, 138, 203, 122, 225, 164, 175, 154, 159, 166, 222, 217, 158, 188, 167]
[75, 51, 116] [216, 144, 152, 145, 177, 122, 157, 184, 153, 191, 156, 193, 125, 122, 137, 212]
[67, 53, 116] [184, 222, 138, 203, 122, 225, 164, 175, 165, 159, 166, 222, 217, 182, 188, 167]
[64, 56, 116] [184, 222, 138, 203, 122, 215, 164, 165, 165, 159, 152, 222, 186, 158, 188, 153]
[59, 61, 116] [205, 195, 137, 183, 122, 225, 144, 175, 154, 180, 166, 212, 217, 137, 161, 179]
[54, 66, 116] [148, 136, 122, 160, 122, 190, 122, 182, 122, 163, 148, 132, 197, 137, 122, 187]
[56, 63, 116] [166, 178, 122, 181, 122, 225, 130, 182, 154, 165, 166, 177, 217, 147, 146, 187]
[71, 58, 116] [158, 136, 170, 160, 186, 145, 152, 171, 122, 165, 152, 138, 145, 137, 125, 173]
[57, 61, 117] [166, 204, 122, 201, 122, 205, 150, 155, 175, 157, 139, 187, 154, 185, 173, 140]
[68, 52, 117] [166, 178, 122, 181, 122, 215, 130, 165, 165, 157, 152, 177, 186, 161, 146, 153]
[75, 58, 117] [122, 122, 152, 122, 177, 122, 157, 122, 153, 122, 156, 122, 123, 122, 137, 122]
[56, 71, 117] [122, 122, 152, 122, 177, 122, 157, 122, 153, 122, 156, 122, 123, 122, 137, 122]
[74, 61, 117] [122, 122, 152, 122, 177, 122, 157, 122, 153, 122, 156, 122, 123, 122, 137, 122]
[72, 50, 117] [195, 195, 137, 183, 122, 169, 144, 155, 143, 170, 122, 212, 134, 161, 161, 146]
[70, 57, 117] [122, 144, 152, 177, 177, 159, 157, 133, 153, 132, 156, 122, 123, 195, 137, 122]
[66, 54, 117] [184, 222, 138, 203, 122, 225, 164, 175, 154, 159, 166, 222, 217, 171, 188, 167]
[70, 63, 117] [169, 136, 122, 160, 122, 155, 122, 188, 122, 176, 130, 132, 177, 137, 122, 206]
[61, 59, 117] [184, 222, 138, 203, 122, 225, 164, 175, 154, 159, 166, 222, 217, 158, 188, 167]
[55, 70, 117] [122, 122, 152, 122, 177, 130, 163, 122, 195, 122, 161, 122, 123, 177, 149, 122]
[58, 70, 117] [195, 165, 210, 122, 177, 122, 204, 122, 153, 122, 156, 218, 123, 122, 192, 171]
[76, 55, 117] [122, 122, 152, 122, 177, 122, 157, 122, 153, 122, 156, 122, 123, 122, 137, 122]
[60, 59, 117] [184, 222, 138, 203, 122, 215, 164, 159, 165, 159, 152, 222, 186, 182, 188, 140]
[69, 68, 117] [169, 136, 122, 160, 122, 155, 122, 188, 122, 176, 130, 132, 177, 137, 122, 206]
[55, 64, 117] [155, 204, 122, 201, 122, 190, 150, 182, 132, 163, 148, 187, 197, 182, 173, 187]
[60, 60, 117] [195, 195, 137, 183, 122, 225, 144, 175, 154, 170, 166, 212, 217, 147, 161, 173]
[71, 57, 117] [148, 161, 171, 179, 176, 135, 171, 155, 122, 155, 139, 148, 122, 171, 152, 140]
[73, 50, 117] [195, 195, 137, 183, 169, 165, 149, 162, 227, 170, 179, 212, 132, 201, 161, 159]
[65, 55, 118] [166, 178, 122, 181, 122, 179, 130, 165, 143, 157, 134, 177, 165, 161, 146, 153]
[70, 60, 118] [148, 136, 122, 160, 122, 190, 122, 182, 122, 163, 148, 132, 197, 137, 122, 187]
[58, 61, 118] [195, 195, 137, 183, 122, 225, 144, 175, 165, 170, 166, 212, 217, 161, 161, 167]
[74, 50, 118] [205, 170, 136, 164, 168, 135, 163, 168, 195, 180, 161, 202, 122, 177, 149, 179]
[56, 70, 118] [137, 130, 171, 122, 180, 175, 177, 122, 217, 122, 192, 148, 163, 167, 164, 132]
[71, 71, 118] [122, 122, 152, 122, 191, 185, 157, 122, 207, 122, 205, 122, 194, 133, 137, 122]
[75, 56, 118] [122, 157, 155, 131, 189, 150, 196, 122, 174, 122, 187, 133, 174, 188, 190, 126]
[55, 63, 118] [148, 161, 122, 179, 122, 225, 122, 175, 154, 155, 166, 142, 217, 171, 132, 167]
[56, 62, 118] [166, 204, 122, 201, 122, 215, 150, 165, 165, 157, 152, 187, 186, 182, 173, 153]
[54, 65, 118] [148, 161, 122, 179, 122, 190, 122, 182, 132, 163, 148, 142, 197, 171, 132, 187]
[74, 67, 118] [122, 122, 152, 122, 177, 122, 157, 122, 153, 122, 156, 122, 123, 122, 137, 122]
[75, 61, 118] [137, 122, 171, 122, 177, 122, 171, 122, 153, 122, 156, 148, 123, 122, 152, 132]
[62, 58, 118] [195, 222, 138, 203, 122, 179, 164, 165, 132, 170, 134, 222, 165, 158, 188, 153]
[57, 61, 118] [184, 222, 138, 203, 122, 205, 164, 155, 175, 159, 139, 222, 154, 185, 188, 140]
[64, 56, 119] [184, 222, 138, 203, 122, 179, 164, 165, 132, 159, 134, 222, 165, 158, 188, 153]
[67, 53, 119] [184, 222, 138, 203, 122, 179, 164, 165, 132, 159, 134, 222, 165, 158, 188, 153]
[54, 66, 119] [158, 136, 122, 160, 122, 190, 122, 182, 122, 165, 148, 132, 197, 137, 122, 187]
[63, 57, 119] [166, 178, 122, 181, 122, 225, 130, 175, 154, 157, 166, 177, 217, 147, 146, 167]
[61, 67, 119] [122, 122, 152, 122, 177, 122, 157, 122, 153, 122, 156, 122, 123, 122, 137, 122]
[69, 67, 119] [148, 161, 122, 179, 122, 135, 122, 155, 122, 155, 122, 142, 122, 171, 132, 140]
[75, 59, 119] [122, 173, 174, 134, 188, 122, 210, 122, 173, 122, 169, 168, 154, 188, 205, 145]
[75, 52, 119] [197, 122, 152, 123, 177, 122, 157, 194, 153, 189, 156, 147, 157, 122, 137, 226]
[68, 52, 119] [166, 178, 122, 181, 122, 135, 130, 155, 122, 157, 122, 177, 122, 147, 146, 140]
[69, 52, 119] [195, 195, 137, 183, 122, 135, 144, 162, 122, 170, 122, 212, 122, 137, 161, 159]
[65, 62, 119] [122, 122, 152, 122, 177, 122, 157, 122, 153, 122, 156, 122, 123, 122, 137, 122]
[70, 51, 119] [195, 195, 137, 183, 122, 215, 144, 159, 165, 170, 152, 212, 186, 151, 161, 146]
[69, 51, 120] [184, 222, 138, 203, 122, 169, 164, 155, 143, 159, 122, 222, 134, 171, 188, 140]
[71, 50, 120] [195, 222, 138, 203, 122, 135, 164, 155, 122, 170, 122, 222, 122, 158, 188, 146]
[70, 61, 120] [158, 136, 122, 160, 122, 145, 122, 171, 122, 165, 122, 132, 145, 137, 122, 173]
[59, 61, 120] [205, 170, 136, 164, 122, 135, 125, 168, 122, 180, 122, 202, 122, 137, 135, 179]
[55, 64, 120] [166, 204, 122, 201, 122, 190, 150, 182, 122, 165, 148, 187, 197, 182, 173, 187]
[53, 67, 120] [148, 136, 122, 160, 122, 190, 122, 182, 132, 163, 148, 132, 197, 137, 122, 187]
[60, 60, 120] [195, 195, 137, 183, 122, 135, 144, 155, 122, 170, 122, 212, 122, 147, 161, 146]
[70, 57, 120] [122, 122, 152, 122, 177, 122, 157, 122, 153, 122, 156, 122, 123, 122, 137, 122]
[61, 59, 120] [184, 222, 138, 203, 122, 225, 164, 175, 154, 159, 166, 222, 217, 158, 188, 167]
[74, 61, 120] [122, 122, 152, 122, 200, 160, 157, 122, 184, 122, 200, 122, 205, 143, 137, 160]
[67, 61, 120] [156, 165, 192, 153, 177, 239, 204, 137, 207, 122, 157, 193, 174, 209, 192, 122]
[64, 64, 120] [122, 122, 152, 122, 200, 160, 157, 122, 164, 122, 200, 122, 205, 122, 137, 160]
[64, 65, 120] [122, 122, 152, 122, 188, 122, 157, 122, 153, 122, 169, 122, 154, 122, 137, 145]
[70, 62, 120] [169, 136, 122, 160, 122, 155, 122, 188, 122, 176, 130, 132, 177, 137, 122, 206]
[59, 60, 120] [195, 195, 137, 183, 122, 215, 144, 159, 165, 170, 152, 212, 186, 171, 161, 146]
[72, 50, 121] [195, 195, 137, 183, 122, 135, 144, 162, 122, 170, 122, 212, 122, 137, 161, 159]
[63, 65, 121] [122, 122, 152, 122, 189, 150, 157, 122, 184, 122, 187, 122, 174, 143, 137, 126]
[57, 70, 121] [122, 122, 152, 122, 177, 122, 157, 122, 153, 122, 156, 122, 123, 122, 137, 122]
[62, 65, 121] [122, 173, 174, 134, 191, 185, 210, 122, 217, 122, 205, 168, 194, 167, 205, 122]
[68, 53, 121] [176, 153, 122, 162, 122, 190, 122, 182, 132, 167, 148, 167, 197, 137, 122, 187]
[71, 51, 121] [205, 195, 137, 183, 122, 179, 144, 171, 132, 180, 134, 212, 165, 137, 161, 179]
[65, 63, 121] [145, 191, 194, 136, 202, 196, 223, 122, 196, 122, 218, 203, 226, 164, 219, 145]
[58, 61, 121] [148, 136, 122, 160, 122, 215, 122, 165, 165, 155, 152, 132, 186, 161, 122, 153]
[75, 51, 122] [122, 122, 152, 122, 177, 122, 157, 122, 153, 122, 156, 122, 123, 122, 137, 122]
[55, 70, 122] [122, 122, 152, 122, 180, 175, 157, 122, 217, 122, 192, 122, 163, 167, 137, 122]
[73, 50, 122] [205, 195, 137, 183, 169, 165, 149, 168, 227, 180, 179, 212, 132, 201, 161, 179]
[63, 56, 122] [148, 136, 122, 160, 122, 135, 122, 155, 122, 155, 122, 132, 122, 137, 122, 140]
[61, 58, 122] [155, 204, 122, 201, 122, 225, 150, 175, 154, 155, 166, 187, 217, 182, 173, 167]
[64, 75, 122] [122, 122, 152, 122, 177, 122, 157, 122, 153, 122, 156, 122, 123, 122, 137, 122]
[75, 56, 122] [122, 122, 152, 122, 177, 122, 157, 122, 153, 122, 156, 122, 123, 122, 137, 122]
[54, 68, 122] [187, 140, 136, 160, 157, 135, 183, 178, 205, 178, 148, 157, 125, 212, 176, 192]
[67, 53, 122] [148, 136, 122, 160, 122, 169, 122, 155, 143, 155, 122, 132, 134, 161, 122, 140]
[65, 55, 123] [195, 195, 137, 183, 122, 225, 144, 175, 154, 170, 166, 212, 217, 137, 161, 167]
[54, 67, 123] [148, 161, 122, 179, 122, 135, 122, 155, 122, 155, 122, 142, 122, 171, 132, 140]
[64, 56, 123] [176, 153, 122, 162, 122, 179, 122, 165, 132, 167, 134, 167, 165, 137, 122, 159]
[62, 58, 123] [176, 153, 122, 162, 122, 225, 122, 182, 154, 167, 166, 167, 217, 137, 122, 187]
[5, 15, 123] [122, 122, 152, 122, 177, 122, 157, 122, 153, 122, 156, 122, 123, 122, 137, 122]
[66, 54, 123] [184, 222, 138, 203, 122, 215, 164, 165, 165, 159, 152, 222, 186, 158, 188, 153]
[60, 61, 123] [205, 170, 136, 164, 122, 135, 125, 168, 122, 180, 122, 202, 122, 137, 135, 179]
[70, 63, 123] [148, 136, 122, 160, 122, 135, 122, 155, 122, 155, 122, 132, 122, 137, 122, 140]
[57, 61, 123] [148, 136, 122, 160, 122, 239, 122, 155, 207, 155, 157, 132, 174, 209, 122, 140]
[60, 71, 123] [122, 122, 152, 122, 177, 122, 157, 122, 153, 122, 156, 122, 123, 122, 137, 122]
[62, 65, 123] [122, 122, 152, 122, 179, 140, 157, 122, 184, 122, 174, 122, 143, 143, 137, 122]
[70, 64, 123] [158, 136, 122, 160, 122, 145, 122, 171, 122, 165, 122, 132, 145, 137, 122, 173]
[68, 52, 123] [184, 222, 138, 203, 122, 135, 164, 155, 122, 159, 122, 222, 122, 171, 188, 140]
[56, 62, 123] [148, 136, 122, 160, 122, 215, 122, 165, 165, 155, 152, 132, 186, 151, 122, 153]
[54, 65, 123] [148, 187, 122, 198, 122, 135, 136, 155, 131, 155, 122, 152, 122, 206, 159, 140]
[58, 70, 124] [122, 122, 152, 122, 177, 165, 157, 122, 227, 122, 179, 122, 132, 201, 137, 122]
[69, 67, 124] [148, 136, 122, 160, 122, 135, 122, 155, 122, 155, 122, 132, 122, 137, 122, 140]
[75, 52, 124] [122, 122, 152, 122, 188, 122, 157, 122, 153, 122, 169, 122, 154, 122, 137, 145]
[71, 57, 124] [148, 136, 122, 160, 122, 135, 122, 155, 122, 155, 122, 132, 122, 137, 122, 140]
[74, 50, 124] [176, 153, 136, 162, 168, 135, 183, 162, 205, 167, 161, 167, 122, 212, 176, 159]
[74, 61, 124] [122, 122, 152, 122, 177, 122, 157, 122, 153, 122, 156, 122, 123, 122, 137, 122]
[61, 67, 124] [122, 122, 152, 122, 200, 160, 157, 122, 164, 122, 200, 122, 205, 122, 137, 160]
[54, 66, 124] [158, 187, 122, 198, 122, 145, 136, 171, 131, 165, 122, 152, 145, 206, 159, 173]
[55, 78, 124] [122, 122, 152, 122, 177, 122, 157, 122, 153, 122, 156, 122, 123, 122, 137, 122]
[70, 71, 124] [122, 122, 152, 122, 177, 122, 157, 122, 153, 122, 156, 122, 123, 122, 137, 122]
[70, 57, 125] [122, 122, 152, 158, 177, 169, 157, 149, 153, 142, 156, 122, 134, 161, 137, 122]
[70, 66, 125] [169, 178, 122, 181, 122, 155, 130, 188, 122, 176, 130, 177, 177, 147, 146, 206]
[56, 71, 125] [122, 122, 152, 122, 191, 185, 157, 122, 207, 122, 205, 122, 194, 133, 137, 122]
[62, 65, 125] [122, 173, 174, 134, 177, 122, 210, 122, 153, 122, 156, 168, 123, 164, 205, 122]
[65, 62, 125] [122, 122, 152, 122, 177, 122, 157, 122, 153, 122, 156, 122, 123, 122, 137, 122]
[56, 70, 125] [122, 130, 154, 122, 180, 175, 177, 122, 217, 122, 192, 123, 163, 167, 164, 122]
[55, 64, 125] [166, 204, 122, 201, 122, 190, 150, 182, 122, 163, 148, 187, 197, 182, 173, 187]
[71, 58, 125] [158, 136, 170, 160, 186, 145, 152, 171, 122, 165, 152, 138, 145, 137, 125, 173]
[70, 51, 125] [195, 195, 137, 183, 122, 135, 144, 155, 122, 170, 122, 212, 122, 137, 161, 146]
[12, 40, 125] [122, 122, 152, 122, 177, 122, 157, 122, 153, 122, 156, 122, 123, 122, 137, 122]
[60, 60, 126] [148, 136, 122, 160, 122, 135, 122, 155, 122, 155, 122, 132, 122, 137, 122, 140]
[66, 53, 126] [148, 136, 122, 160, 122, 135, 122, 155, 122, 155, 122, 132, 122, 137, 122, 140]
[69, 71, 126] [122, 122, 152, 122, 179, 140, 157, 122, 184, 122, 174, 122, 143, 143, 137, 122]
[63, 65, 126] [137, 122, 171, 122, 177, 122, 171, 122, 153, 122, 156, 148, 123, 122, 152, 132]
[53, 66, 126] [148, 136, 122, 160, 122, 225, 122, 175, 154, 155, 166, 132, 217, 161, 122, 167]
[70, 60, 127] [148, 136, 122, 160, 122, 190, 122, 182, 122, 163, 148, 132, 197, 137, 122, 187]
[62, 65, 127] [122, 122, 152, 122, 179, 140, 157, 122, 184, 122, 174, 122, 143, 143, 137, 122]
[69, 66, 127] [148, 136, 122, 160, 122, 169, 122, 155, 143, 155, 122, 132, 134, 161, 122, 140]
[75, 56, 127] [122, 122, 152, 122, 177, 122, 157, 122, 153, 122, 156, 122, 123, 122, 137, 122]
