[8, 2, 0][99, 100, 99, 108, 99, 99, 99, 115, 99, 99, 99, 99, 115, 107, 99, 113, 99, 99, 99, 99, 99, 99, 109, 99, 99, 99, 99, 113, 99, 107, 114, 99]
[19, 12, 0][109, 100, 115, 102, 112, 99, 99, 100, 109, 99, 99, 99, 99, 99, 99, 101, 99, 99, 99, 99, 99, 113, 113, 99, 99, 99, 99, 99, 99, 102, 99, 99]
[17, 13, 0][109, 100, 115, 102, 112, 99, 99, 100, 109, 99, 99, 99, 99, 99, 99, 101, 99, 99, 99, 99, 99, 113, 113, 99, 99, 99, 99, 99, 99, 102, 99, 99]
[18, 13, 0][109, 100, 115, 102, 112, 99, 99, 100, 109, 99, 99, 99, 99, 99, 99, 101, 99, 99, 99, 99, 99, 113, 113, 99, 99, 99, 99, 99, 99, 102, 99, 99]
[19, 13, 0][124, 115, 119, 102, 110, 105, 99, 99, 125, 106, 107, 121, 99, 99, 99, 105, 99, 99, 99, 99, 99, 117, 119, 108, 102, 99, 99, 99, 122, 116, 99, 99]
[17, 14, 0][99, 100, 99, 108, 99, 99, 99, 115, 99, 99, 99, 99, 115, 107, 99, 113, 99, 99, 99, 99, 99, 99, 109, 99, 99, 99, 99, 113, 99, 107, 114, 99]
[18, 14, 0][109, 100, 115, 102, 112, 99, 99, 100, 109, 99, 99, 99, 99, 99, 99, 101, 99, 99, 99, 99, 99, 113, 113, 99, 99, 99, 99, 99, 99, 102, 99, 99]
[17, 15, 0][99, 103, 99, 105, 100, 99, 99, 99, 99, 117, 99, 99, 104, 108, 99, 121, 114, 99, 99, 104, 116, 99, 99, 99, 114, 118, 99, 116, 100, 106, 117, 99]
[13, 16, 0][99, 108, 99, 117, 100, 99, 99, 111, 99, 99, 99, 99, 111, 109, 122, 118, 99, 99, 99, 101, 99, 99, 112, 99, 113, 124, 99, 115, 100, 99, 120, 99]
[14, 16, 0][99, 100, 99, 108, 99, 99, 99, 115, 99, 99, 99, 99, 115, 107, 99, 113, 99, 99, 99, 99, 99, 99, 109, 99, 99, 99, 99, 113, 99, 107, 114, 99]
[16, 16, 0][99, 100, 99, 108, 99, 99, 99, 115, 99, 99, 99, 99, 115, 107, 99, 113, 99, 99, 99, 99, 99, 99, 109, 99, 99, 99, 99, 113, 99, 107, 114, 99]
[17, 16, 0][99, 105, 99, 108, 99, 99, 99, 106, 99, 117, 99, 99, 115, 104, 99, 121, 111, 99, 99, 99, 110, 99, 115, 99, 99, 117, 99, 116, 99, 111, 117, 99]
[18, 16, 0][109, 100, 115, 102, 112, 99, 99, 100, 109, 99, 99, 99, 99, 99, 99, 101, 99, 99, 99, 99, 99, 113, 113, 99, 99, 99, 99, 99, 99, 102, 99, 99]
[13, 17, 0][99, 99, 99, 109, 99, 99, 99, 113, 99, 99, 99, 99, 113, 103, 99, 118, 99, 99, 99, 100, 100, 99, 111, 99, 99, 104, 99, 115, 99, 102, 116, 99]
[17, 17, 0][99, 100, 99, 108, 99, 99, 99, 115, 99, 99, 99, 99, 115, 107, 99, 113, 99, 99, 99, 99, 99, 99, 109, 99, 99, 99, 99, 113, 99, 107, 114, 99]
[13, 18, 0][99, 104, 99, 112, 99, 99, 107, 125, 99, 119, 99, 99, 121, 130, 115, 118, 114, 99, 99, 103, 102, 99, 110, 99, 104, 121, 107, 120, 99, 108, 114, 99]
[14, 18, 0][99, 100, 99, 108, 99, 99, 99, 115, 99, 99, 99, 99, 115, 107, 99, 113, 99, 99, 99, 99, 99, 99, 109, 99, 99, 99, 99, 113, 99, 107, 114, 99]
[17, 18, 0][99, 100, 99, 108, 99, 99, 99, 115, 99, 99, 99, 99, 115, 107, 99, 113, 99, 99, 99, 99, 99, 99, 109, 99, 99, 99, 99, 113, 99, 107, 114, 99]
[18, 12, 1][120, 99, 120, 102, 118, 106, 103, 109, 116, 99, 99, 122, 99, 111, 119, 99, 99, 116, 105, 124, 99, 124, 107, 105, 115, 99, 112, 99, 103, 103, 99, 107]
[17, 13, 1][109, 100, 115, 102, 112, 99, 99, 100, 109, 99, 99, 99, 99, 99, 99, 101, 99, 99, 99, 99, 99, 113, 113, 99, 99, 99, 99, 99, 99, 102, 99, 99]
[17, 14, 1][99, 100, 99, 108, 99, 99, 99, 115, 99, 99, 99, 99, 115, 107, 99, 113, 99, 99, 99, 99, 99, 99, 109, 99, 99, 99, 99, 113, 99, 107, 114, 99]
[20, 14, 1][109, 100, 115, 102, 112, 99, 99, 100, 109, 99, 99, 99, 99, 99, 99, 101, 99, 99, 99, 99, 99, 113, 113, 99, 99, 99, 99, 99, 99, 102, 99, 99]
[18, 15, 1][113, 101, 119, 107, 131, 99, 99, 109, 114, 99, 99, 116, 99, 99, 99, 99, 99, 99, 99, 103, 99, 110, 111, 99, 113, 99, 99, 99, 106, 99, 99, 99]
[13, 16, 1][99, 100, 99, 108, 99, 99, 99, 115, 99, 99, 99, 99, 115, 107, 99, 113, 99, 99, 99, 99, 99, 99, 109, 99, 99, 99, 99, 113, 99, 107, 114, 99]
[17, 16, 1][99, 114, 99, 115, 100, 99, 99, 99, 99, 117, 99, 99, 106, 106, 119, 121, 119, 99, 99, 99, 110, 99, 100, 99, 126, 132, 99, 116, 112, 111, 113, 104]
[13, 17, 1][99, 102, 99, 109, 108, 99, 110, 113, 99, 123, 99, 99, 113, 134, 121, 119, 120, 99, 99, 110, 115, 99, 111, 100, 107, 134, 100, 127, 99, 102, 118, 99]
[13, 18, 1][99, 99, 99, 99, 99, 99, 112, 99, 99, 123, 99, 99, 110, 108, 100, 119, 117, 99, 99, 109, 116, 99, 99, 100, 109, 133, 116, 127, 104, 99, 108, 99]
[17, 18, 1][99, 100, 99, 108, 99, 99, 99, 115, 99, 99, 99, 99, 115, 107, 99, 113, 99, 99, 99, 99, 99, 99, 109, 99, 99, 99, 99, 113, 99, 107, 114, 99]
[15, 19, 1][99, 100, 99, 108, 99, 99, 99, 115, 99, 99, 99, 99, 115, 107, 99, 113, 99, 99, 99, 99, 99, 99, 109, 99, 99, 99, 99, 113, 99, 107, 114, 99]
[16, 19, 1][99, 100, 99, 108, 99, 99, 99, 115, 99, 99, 99, 99, 115, 107, 99, 113, 99, 99, 99, 99, 99, 99, 109, 99, 99, 99, 99, 113, 99, 107, 114, 99]
[6, 7, 2][99, 100, 99, 108, 99, 99, 99, 115, 99, 99, 99, 99, 115, 107, 99, 113, 99, 99, 99, 99, 99, 99, 109, 99, 99, 99, 99, 113, 99, 107, 114, 99]
[18, 12, 2][109, 100, 115, 102, 112, 99, 99, 100, 109, 99, 99, 99, 99, 99, 99, 101, 99, 99, 99, 99, 99, 113, 113, 99, 99, 99, 99, 99, 99, 102, 99, 99]
[17, 13, 2][109, 99, 113, 105, 102, 103, 106, 113, 108, 99, 99, 103, 106, 107, 100, 99, 99, 115, 131, 113, 99, 119, 107, 123, 102, 99, 106, 99, 99, 108, 99, 107]
[19, 13, 2][109, 100, 115, 102, 112, 99, 99, 100, 109, 99, 99, 99, 99, 99, 99, 101, 99, 99, 99, 99, 99, 113, 113, 99, 99, 99, 99, 99, 99, 102, 99, 99]
[18, 14, 2][118, 99, 121, 105, 111, 102, 105, 113, 112, 99, 99, 124, 106, 107, 115, 99, 99, 117, 106, 128, 99, 125, 107, 105, 115, 99, 116, 99, 100, 108, 99, 105]
[14, 16, 2][109, 100, 115, 102, 112, 99, 99, 100, 109, 99, 99, 99, 99, 99, 99, 101, 99, 99, 99, 99, 99, 113, 113, 99, 99, 99, 99, 99, 99, 102, 99, 99]
[17, 16, 2][99, 114, 99, 115, 100, 99, 99, 99, 99, 113, 99, 99, 103, 106, 124, 112, 119, 99, 99, 99, 99, 99, 100, 99, 128, 137, 104, 110, 114, 99, 107, 108]
[13, 17, 2][99, 99, 99, 99, 99, 99, 114, 103, 99, 123, 99, 99, 103, 113, 114, 119, 120, 99, 99, 113, 115, 99, 99, 103, 108, 134, 104, 127, 99, 99, 112, 99]
[17, 17, 2][99, 99, 99, 109, 99, 99, 99, 113, 99, 99, 99, 99, 113, 103, 99, 118, 99, 99, 99, 100, 100, 99, 111, 99, 99, 104, 99, 115, 99, 102, 116, 99]
[13, 18, 2][99, 99, 99, 99, 99, 99, 112, 99, 99, 123, 99, 99, 110, 108, 100, 119, 117, 99, 99, 112, 116, 99, 99, 100, 110, 133, 116, 127, 104, 99, 108, 99]
[14, 18, 2][99, 116, 99, 106, 99, 99, 104, 99, 99, 126, 99, 99, 109, 99, 99, 123, 120, 99, 99, 115, 110, 99, 100, 103, 111, 118, 109, 123, 112, 132, 111, 99]
[17, 18, 2][99, 100, 99, 108, 99, 99, 99, 115, 99, 99, 99, 99, 115, 107, 99, 113, 99, 99, 99, 99, 99, 99, 109, 99, 99, 99, 99, 113, 99, 107, 114, 99]
[10, 19, 2][99, 100, 99, 108, 99, 99, 99, 115, 99, 99, 99, 99, 115, 107, 99, 113, 99, 99, 99, 99, 99, 99, 109, 99, 99, 99, 99, 113, 99, 107, 114, 99]
[13, 19, 2][99, 100, 99, 108, 99, 99, 99, 115, 99, 99, 99, 99, 115, 107, 99, 113, 99, 99, 99, 99, 99, 99, 109, 99, 99, 99, 99, 113, 99, 107, 114, 99]
[16, 19, 2][99, 100, 99, 108, 99, 99, 99, 115, 99, 99, 99, 99, 115, 107, 99, 113, 99, 99, 99, 99, 99, 99, 109, 99, 99, 99, 99, 113, 99, 107, 114, 99]
[14, 22, 2][99, 100, 99, 108, 99, 99, 99, 115, 99, 99, 99, 99, 115, 107, 99, 113, 99, 99, 99, 99, 99, 99, 109, 99, 99, 99, 99, 113, 99, 107, 114, 99]
[25, 23, 2][99, 100, 99, 108, 99, 99, 99, 115, 99, 99, 99, 99, 115, 107, 99, 113, 99, 99, 99, 99, 99, 99, 109, 99, 99, 99, 99, 113, 99, 107, 114, 99]
[4, 26, 2][99, 100, 99, 108, 99, 99, 99, 115, 99, 99, 99, 99, 115, 107, 99, 113, 99, 99, 99, 99, 99, 99, 109, 99, 99, 99, 99, 113, 99, 107, 114, 99]
[7, 28, 2][99, 100, 99, 108, 99, 99, 99, 115, 99, 99, 99, 99, 115, 107, 99, 113, 99, 99, 99, 99, 99, 99, 109, 99, 99, 99, 99, 113, 99, 107, 114, 99]
[18, 28, 2][109, 100, 115, 102, 112, 99, 99, 100, 109, 99, 99, 99, 99, 99, 99, 101, 99, 99, 99, 99, 99, 113, 113, 99, 99, 99, 99, 99, 99, 102, 99, 99]
[6, 1, 3][99, 100, 99, 108, 99, 99, 99, 115, 99, 99, 99, 99, 115, 107, 99, 113, 99, 99, 99, 99, 99, 99, 109, 99, 99, 99, 99, 113, 99, 107, 114, 99]
[5, 6, 3][99, 100, 99, 108, 99, 99, 99, 115, 99, 99, 99, 99, 115, 107, 99, 113, 99, 99, 99, 99, 99, 99, 109, 99, 99, 99, 99, 113, 99, 107, 114, 99]
[19, 13, 3][109, 100, 115, 102, 112, 99, 99, 100, 109, 99, 99, 99, 99, 99, 99, 101, 99, 99, 99, 99, 99, 113, 113, 99, 99, 99, 99, 99, 99, 102, 99, 99]
[17, 14, 3][99, 100, 99, 108, 99, 99, 99, 115, 99, 99, 99, 99, 115, 107, 99, 113, 99, 99, 99, 99, 99, 99, 109, 99, 99, 99, 99, 113, 99, 107, 114, 99]
[17, 15, 3][99, 100, 99, 108, 99, 99, 99, 115, 99, 99, 99, 99, 115, 107, 99, 113, 99, 99, 99, 99, 99, 99, 109, 99, 99, 99, 99, 113, 99, 107, 114, 99]
[17, 16, 3][99, 110, 99, 113, 99, 99, 99, 99, 99, 114, 99, 99, 110, 114, 124, 115, 114, 99, 99, 99, 101, 99, 99, 99, 128, 137, 104, 122, 114, 99, 113, 108]
[12, 17, 3][99, 100, 99, 108, 99, 99, 99, 115, 99, 99, 99, 99, 115, 107, 99, 113, 99, 99, 99, 99, 99, 99, 109, 99, 99, 99, 99, 113, 99, 107, 114, 99]
[13, 17, 3][99, 110, 99, 116, 102, 99, 99, 110, 99, 99, 99, 99, 111, 109, 123, 113, 99, 99, 99, 99, 99, 99, 110, 99, 111, 124, 99, 112, 101, 99, 117, 99]
[12, 18, 3][99, 100, 99, 108, 99, 99, 99, 115, 99, 99, 99, 99, 115, 107, 99, 113, 99, 99, 99, 99, 99, 99, 109, 99, 99, 99, 99, 113, 99, 107, 114, 99]
[13, 18, 3][99, 104, 99, 114, 99, 99, 99, 110, 99, 99, 99, 99, 115, 106, 101, 113, 99, 99, 99, 99, 99, 99, 110, 99, 101, 107, 99, 111, 99, 99, 113, 99]
[15, 18, 3][99, 100, 99, 108, 99, 99, 99, 115, 99, 99, 99, 99, 115, 107, 99, 113, 99, 99, 99, 99, 99, 99, 109, 99, 99, 99, 99, 113, 99, 107, 114, 99]
[13, 19, 3][99, 100, 99, 108, 99, 99, 99, 115, 99, 99, 99, 99, 115, 107, 99, 113, 99, 99, 99, 99, 99, 99, 109, 99, 99, 99, 99, 113, 99, 107, 114, 99]
[15, 19, 3][99, 112, 99, 114, 99, 99, 99, 120, 99, 99, 99, 99, 122, 103, 104, 118, 103, 99, 99, 99, 99, 100, 109, 99, 120, 110, 100, 113, 107, 112, 114, 99]
[17, 19, 3][99, 100, 99, 108, 99, 99, 99, 115, 99, 99, 99, 99, 115, 107, 99, 113, 99, 99, 99, 99, 99, 99, 109, 99, 99, 99, 99, 113, 99, 107, 114, 99]
[9, 20, 3][99, 100, 99, 108, 99, 99, 99, 115, 99, 99, 99, 99, 115, 107, 99, 113, 99, 99, 99, 99, 99, 99, 109, 99, 99, 99, 99, 113, 99, 107, 114, 99]
[12, 20, 3][99, 100, 99, 108, 99, 99, 99, 115, 99, 99, 99, 99, 115, 107, 99, 113, 99, 99, 99, 99, 99, 99, 109, 99, 99, 99, 99, 113, 99, 107, 114, 99]
[15, 22, 3][99, 100, 99, 108, 99, 99, 99, 115, 99, 99, 99, 99, 115, 107, 99, 113, 99, 99, 99, 99, 99, 99, 109, 99, 99, 99, 99, 113, 99, 107, 114, 99]
[17, 24, 3][99, 100, 99, 108, 99, 99, 99, 115, 99, 99, 99, 99, 115, 107, 99, 113, 99, 99, 99, 99, 99, 99, 109, 99, 99, 99, 99, 113, 99, 107, 114, 99]
[0, 26, 3][99, 100, 99, 108, 99, 99, 99, 115, 99, 99, 99, 99, 115, 107, 99, 113, 99, 99, 99, 99, 99, 99, 109, 99, 99, 99, 99, 113, 99, 107, 114, 99]
[18, 16, 4][109, 100, 115, 102, 112, 99, 99, 100, 109, 99, 99, 99, 99, 99, 99, 101, 99, 99, 99, 99, 99, 113, 113, 99, 99, 99, 99, 99, 99, 102, 99, 99]
[13, 17, 4][99, 116, 99, 126, 104, 99, 99, 99, 99, 99, 99, 99, 102, 108, 130, 109, 117, 99, 99, 99, 99, 99, 100, 99, 147, 133, 105, 99, 124, 99, 111, 114]
[17, 17, 4][99, 112, 99, 127, 99, 99, 99, 104, 99, 99, 99, 99, 118, 114, 120, 111, 104, 99, 99, 99, 99, 99, 110, 99, 116, 121, 108, 111, 102, 99, 113, 99]
[13, 18, 4][99, 118, 99, 129, 99, 99, 99, 99, 99, 99, 99, 103, 110, 105, 124, 109, 114, 99, 99, 99, 99, 99, 100, 99, 149, 132, 121, 99, 131, 102, 107, 112]
[14, 19, 4][99, 112, 99, 119, 99, 99, 105, 129, 99, 99, 99, 99, 123, 127, 126, 114, 103, 99, 99, 106, 99, 101, 103, 99, 120, 114, 108, 113, 99, 113, 115, 99]
[12, 20, 4][99, 100, 99, 108, 99, 99, 99, 115, 99, 99, 99, 99, 115, 107, 99, 113, 99, 99, 99, 99, 99, 99, 109, 99, 99, 99, 99, 113, 99, 107, 114, 99]
[18, 28, 4][99, 100, 99, 108, 99, 99, 99, 115, 99, 99, 99, 99, 115, 107, 99, 113, 99, 99, 99, 99, 99, 99, 109, 99, 99, 99, 99, 113, 99, 107, 114, 99]
[22, 0, 5][99, 100, 99, 108, 99, 99, 99, 115, 99, 99, 99, 99, 115, 107, 99, 113, 99, 99, 99, 99, 99, 99, 109, 99, 99, 99, 99, 113, 99, 107, 114, 99]
[18, 13, 5][109, 100, 115, 102, 112, 99, 99, 100, 109, 99, 99, 99, 99, 99, 99, 101, 99, 99, 99, 99, 99, 113, 113, 99, 99, 99, 99, 99, 99, 102, 99, 99]
[19, 13, 5][124, 115, 119, 102, 110, 105, 99, 99, 125, 106, 107, 121, 99, 99, 99, 105, 99, 99, 99, 99, 99, 117, 119, 108, 102, 99, 99, 99, 122, 116, 99, 99]
[14, 15, 5][99, 102, 99, 105, 118, 99, 99, 121, 99, 99, 99, 99, 108, 110, 105, 113, 99, 99, 99, 106, 106, 99, 110, 99, 108, 100, 99, 113, 99, 102, 118, 99]
[17, 15, 5][99, 100, 99, 108, 99, 99, 99, 115, 99, 99, 99, 99, 115, 107, 99, 113, 99, 99, 99, 99, 99, 99, 109, 99, 99, 99, 99, 113, 99, 107, 114, 99]
[14, 16, 5][99, 100, 99, 108, 99, 99, 99, 115, 99, 99, 99, 99, 115, 107, 99, 113, 99, 99, 99, 99, 99, 99, 109, 99, 99, 99, 99, 113, 99, 107, 114, 99]
[17, 16, 5][99, 103, 99, 117, 99, 99, 99, 99, 99, 99, 99, 99, 114, 102, 108, 114, 99, 99, 99, 102, 99, 99, 106, 99, 112, 118, 103, 111, 104, 99, 109, 99]
[13, 17, 5][99, 119, 99, 126, 107, 99, 99, 99, 99, 99, 99, 100, 102, 108, 130, 110, 120, 99, 99, 99, 99, 99, 100, 99, 147, 135, 108, 99, 124, 99, 111, 114]
[27, 17, 5][99, 100, 99, 108, 99, 99, 99, 115, 99, 99, 99, 99, 115, 107, 99, 113, 99, 99, 99, 99, 99, 99, 109, 99, 99, 99, 99, 113, 99, 107, 114, 99]
[14, 22, 5][109, 100, 115, 102, 112, 99, 99, 100, 109, 99, 99, 99, 99, 99, 99, 101, 99, 99, 99, 99, 99, 113, 113, 99, 99, 99, 99, 99, 99, 102, 99, 99]
[29, 1, 6][99, 100, 99, 108, 99, 99, 99, 115, 99, 99, 99, 99, 115, 107, 99, 113, 99, 99, 99, 99, 99, 99, 109, 99, 99, 99, 99, 113, 99, 107, 114, 99]
[27, 11, 6][99, 99, 111, 105, 103, 99, 120, 111, 118, 99, 99, 99, 102, 99, 100, 108, 99, 99, 99, 99, 99, 100, 102, 99, 99, 99, 99, 101, 99, 117, 104, 99]
[18, 12, 6][109, 99, 122, 99, 109, 109, 110, 108, 117, 99, 100, 99, 99, 107, 99, 99, 99, 112, 132, 117, 99, 117, 102, 126, 100, 99, 99, 99, 101, 99, 99, 116]
[18, 13, 6][107, 99, 116, 99, 99, 105, 112, 113, 109, 99, 109, 103, 99, 104, 99, 99, 99, 118, 131, 116, 99, 120, 102, 125, 102, 99, 112, 99, 108, 99, 99, 115]
[16, 14, 6][107, 99, 125, 102, 99, 99, 99, 102, 106, 99, 99, 104, 99, 99, 101, 99, 99, 111, 110, 115, 99, 114, 112, 107, 100, 99, 107, 99, 99, 100, 99, 107]
[17, 14, 6][99, 100, 99, 108, 99, 99, 99, 115, 99, 99, 99, 99, 115, 107, 99, 113, 99, 99, 99, 99, 99, 99, 109, 99, 99, 99, 99, 113, 99, 107, 114, 99]
[15, 15, 6][109, 100, 115, 102, 112, 99, 99, 100, 109, 99, 99, 99, 99, 99, 99, 101, 99, 99, 99, 99, 99, 113, 113, 99, 99, 99, 99, 99, 99, 102, 99, 99]
[17, 15, 6][99, 106, 99, 111, 99, 99, 106, 120, 99, 111, 99, 99, 122, 108, 99, 120, 115, 99, 99, 99, 99, 100, 109, 99, 108, 119, 100, 113, 99, 112, 114, 99]
[16, 16, 6][99, 100, 99, 108, 99, 99, 99, 115, 99, 99, 99, 99, 115, 107, 99, 113, 99, 99, 99, 99, 99, 99, 109, 99, 99, 99, 99, 113, 99, 107, 114, 99]
[17, 16, 6][99, 103, 99, 117, 99, 99, 99, 105, 99, 99, 99, 99, 115, 103, 108, 116, 101, 99, 99, 106, 99, 99, 106, 99, 119, 118, 103, 112, 104, 99, 110, 99]
[12, 17, 6][99, 100, 99, 108, 99, 99, 99, 115, 99, 99, 99, 99, 115, 107, 99, 113, 99, 99, 99, 99, 99, 99, 109, 99, 99, 99, 99, 113, 99, 107, 114, 99]
[13, 17, 6][99, 121, 99, 120, 107, 99, 99, 99, 99, 105, 99, 100, 103, 118, 129, 115, 124, 99, 99, 99, 99, 99, 102, 99, 140, 139, 108, 101, 122, 112, 112, 112]
[14, 17, 6][99, 100, 99, 108, 99, 99, 99, 115, 99, 99, 99, 99, 115, 107, 99, 113, 99, 99, 99, 99, 99, 99, 109, 99, 99, 99, 99, 113, 99, 107, 114, 99]
[17, 17, 6][99, 104, 99, 123, 99, 99, 105, 111, 99, 99, 99, 99, 117, 102, 107, 112, 103, 99, 99, 112, 99, 99, 105, 99, 112, 101, 102, 110, 99, 106, 113, 99]
[13, 18, 6][99, 123, 99, 116, 99, 99, 99, 99, 99, 104, 99, 99, 110, 115, 117, 118, 121, 99, 99, 99, 99, 99, 102, 99, 135, 138, 113, 104, 121, 117, 113, 100]
[14, 18, 6][99, 126, 99, 123, 99, 99, 99, 99, 99, 120, 99, 107, 110, 99, 113, 118, 128, 99, 99, 99, 99, 99, 107, 99, 142, 134, 120, 100, 140, 116, 111, 119]
[16, 18, 6][99, 100, 99, 108, 99, 99, 99, 115, 99, 99, 99, 99, 115, 107, 99, 113, 99, 99, 99, 99, 99, 99, 109, 99, 99, 99, 99, 113, 99, 107, 114, 99]
[17, 18, 6][99, 100, 99, 108, 99, 99, 99, 115, 99, 99, 99, 99, 115, 107, 99, 113, 99, 99, 99, 99, 99, 99, 109, 99, 99, 99, 99, 113, 99, 107, 114, 99]
[14, 21, 6][99, 100, 99, 108, 99, 99, 99, 115, 99, 99, 99, 99, 115, 107, 99, 113, 99, 99, 99, 99, 99, 99, 109, 99, 99, 99, 99, 113, 99, 107, 114, 99]
[14, 22, 6][99, 100, 99, 108, 99, 99, 99, 115, 99, 99, 99, 99, 115, 107, 99, 113, 99, 99, 99, 99, 99, 99, 109, 99, 99, 99, 99, 113, 99, 107, 114, 99]
[1, 7, 7][99, 100, 99, 108, 99, 99, 99, 115, 99, 99, 99, 99, 115, 107, 99, 113, 99, 99, 99, 99, 99, 99, 109, 99, 99, 99, 99, 113, 99, 107, 114, 99]
[18, 12, 7][125, 99, 122, 99, 129, 124, 122, 108, 123, 123, 128, 126, 99, 117, 99, 99, 121, 139, 134, 150, 123, 117, 102, 153, 117, 99, 119, 99, 110, 99, 99, 146]
[16, 13, 7][117, 99, 120, 99, 117, 126, 140, 127, 113, 99, 105, 128, 99, 136, 102, 99, 106, 151, 141, 157, 114, 112, 99, 135, 125, 99, 143, 99, 99, 99, 99, 140]
[17, 13, 7][119, 99, 124, 99, 119, 119, 132, 122, 113, 106, 123, 129, 99, 122, 99, 99, 112, 148, 139, 159, 120, 120, 99, 144, 125, 99, 139, 99, 106, 99, 99, 148]
[19, 13, 7][122, 99, 119, 99, 107, 112, 112, 99, 115, 133, 143, 121, 99, 99, 99, 99, 114, 129, 127, 123, 127, 111, 99, 159, 112, 99, 117, 99, 128, 101, 99, 135]
[15, 14, 7][118, 99, 131, 99, 111, 106, 139, 113, 114, 111, 99, 109, 99, 103, 99, 99, 112, 130, 151, 148, 114, 119, 99, 146, 118, 99, 116, 99, 99, 99, 99, 139]
[16, 14, 7][122, 99, 135, 102, 99, 99, 151, 132, 106, 114, 99, 121, 99, 102, 101, 99, 111, 151, 140, 164, 114, 114, 112, 139, 127, 99, 147, 99, 102, 100, 99, 148]
[17, 14, 7][99, 104, 99, 108, 99, 99, 118, 115, 99, 121, 99, 99, 115, 111, 103, 120, 117, 99, 99, 115, 116, 99, 109, 99, 113, 120, 99, 115, 99, 107, 118, 99]
[14, 15, 7][119, 99, 121, 102, 118, 109, 149, 131, 116, 99, 99, 112, 99, 117, 106, 99, 105, 140, 155, 152, 113, 122, 107, 137, 122, 99, 136, 99, 99, 103, 99, 135]
[15, 15, 7][117, 100, 125, 105, 112, 102, 142, 121, 115, 111, 102, 114, 105, 111, 104, 101, 111, 136, 150, 154, 117, 122, 113, 146, 122, 99, 132, 99, 99, 105, 99, 144]
[17, 15, 7][99, 100, 99, 108, 99, 99, 99, 115, 99, 99, 99, 99, 115, 107, 99, 113, 99, 99, 99, 99, 99, 99, 109, 99, 99, 99, 99, 113, 99, 107, 114, 99]
[12, 16, 7][99, 100, 99, 108, 99, 99, 99, 115, 99, 99, 99, 99, 115, 107, 99, 113, 99, 99, 99, 99, 99, 99, 109, 99, 99, 99, 99, 113, 99, 107, 114, 99]
[16, 16, 7][99, 100, 99, 108, 99, 99, 104, 115, 99, 108, 99, 99, 115, 116, 112, 113, 99, 99, 99, 109, 106, 99, 109, 99, 99, 118, 99, 131, 99, 107, 114, 99]
[17, 16, 7][99, 105, 99, 120, 119, 102, 103, 111, 99, 101, 99, 99, 115, 115, 135, 116, 118, 99, 99, 115, 99, 99, 106, 99, 144, 128, 113, 112, 106, 100, 117, 120]
[13, 17, 7][99, 121, 99, 126, 103, 99, 99, 99, 100, 104, 99, 99, 104, 111, 130, 118, 123, 99, 99, 99, 99, 99, 102, 99, 140, 137, 99, 104, 125, 99, 116, 110]
[14, 17, 7][99, 100, 99, 113, 99, 99, 132, 138, 99, 99, 99, 99, 118, 128, 117, 113, 108, 100, 99, 130, 99, 99, 109, 99, 105, 103, 105, 125, 99, 107, 117, 99]
[15, 17, 7][99, 99, 99, 113, 99, 99, 109, 122, 99, 99, 99, 99, 118, 110, 104, 112, 99, 99, 99, 105, 99, 99, 105, 99, 99, 99, 99, 120, 99, 103, 115, 99]
[17, 17, 7][99, 107, 99, 123, 107, 99, 105, 111, 99, 100, 99, 99, 117, 119, 129, 112, 115, 99, 99, 112, 99, 99, 105, 99, 137, 135, 124, 111, 113, 106, 113, 118]
[14, 18, 7][99, 129, 99, 129, 99, 99, 99, 99, 99, 119, 99, 101, 111, 99, 115, 114, 114, 99, 99, 99, 99, 99, 105, 99, 153, 131, 110, 99, 146, 106, 106, 118]
[17, 18, 7][99, 109, 99, 118, 99, 99, 102, 111, 99, 100, 99, 99, 118, 116, 123, 110, 113, 99, 99, 106, 99, 99, 99, 99, 139, 134, 140, 111, 120, 99, 106, 117]
[11, 22, 7][99, 100, 99, 108, 99, 99, 99, 115, 99, 99, 99, 99, 115, 107, 99, 113, 99, 99, 99, 99, 99, 99, 109, 99, 99, 99, 99, 113, 99, 107, 114, 99]
[14, 22, 7][109, 100, 115, 102, 112, 99, 99, 100, 109, 99, 99, 99, 99, 99, 99, 101, 99, 99, 99, 99, 99, 113, 113, 99, 99, 99, 99, 99, 99, 102, 99, 99]
[17, 12, 8][121, 99, 119, 99, 135, 123, 130, 108, 120, 107, 114, 124, 99, 121, 99, 99, 114, 142, 140, 148, 128, 109, 99, 144, 117, 99, 123, 99, 99, 99, 99, 137]
[18, 12, 8][132, 99, 124, 99, 129, 140, 122, 99, 127, 123, 149, 126, 99, 112, 99, 99, 121, 139, 134, 150, 132, 108, 99, 153, 117, 99, 119, 99, 124, 107, 99, 146]
[16, 13, 8][124, 99, 137, 99, 137, 128, 147, 119, 115, 104, 113, 125, 99, 102, 99, 99, 111, 145, 142, 166, 145, 110, 99, 145, 140, 99, 126, 99, 109, 99, 99, 145]
[17, 13, 8][126, 99, 142, 99, 131, 126, 140, 112, 114, 120, 134, 129, 99, 117, 99, 99, 117, 148, 136, 169, 149, 112, 99, 154, 129, 99, 139, 99, 120, 99, 99, 154]
[19, 13, 8][129, 99, 115, 99, 106, 128, 110, 99, 119, 134, 164, 120, 99, 99, 99, 99, 118, 129, 124, 111, 129, 107, 99, 158, 114, 99, 104, 99, 141, 112, 99, 132]
[16, 14, 8][122, 99, 135, 99, 99, 99, 151, 132, 106, 114, 99, 123, 99, 102, 99, 99, 111, 151, 140, 165, 114, 114, 100, 139, 131, 99, 147, 99, 102, 99, 99, 148]
[17, 14, 8][99, 100, 99, 108, 99, 99, 99, 115, 99, 99, 99, 99, 115, 107, 99, 113, 99, 99, 99, 99, 99, 99, 109, 99, 99, 99, 99, 113, 99, 107, 114, 99]
[14, 15, 8][113, 100, 113, 99, 102, 104, 99, 99, 107, 101, 102, 99, 99, 99, 99, 99, 99, 99, 108, 99, 99, 115, 110, 112, 99, 99, 99, 99, 99, 105, 99, 99]
[15, 15, 8][109, 100, 115, 102, 112, 99, 99, 100, 109, 99, 99, 99, 99, 99, 99, 101, 99, 99, 99, 99, 99, 113, 113, 99, 99, 99, 99, 99, 99, 102, 99, 99]
[16, 15, 8][99, 100, 99, 108, 99, 99, 99, 115, 99, 99, 99, 99, 115, 107, 99, 113, 99, 99, 99, 99, 99, 99, 109, 99, 99, 99, 99, 113, 99, 107, 114, 99]
[18, 15, 8][109, 100, 115, 102, 112, 99, 99, 100, 109, 99, 99, 99, 99, 99, 99, 101, 99, 99, 99, 99, 99, 113, 113, 99, 99, 99, 99, 99, 99, 102, 99, 99]
[13, 16, 8][108, 99, 121, 106, 102, 106, 118, 123, 118, 99, 99, 120, 99, 123, 117, 99, 100, 140, 138, 139, 100, 116, 101, 115, 116, 99, 133, 99, 99, 99, 99, 120]
[14, 16, 8][108, 99, 125, 99, 99, 101, 148, 135, 117, 99, 99, 122, 99, 104, 99, 99, 103, 145, 148, 151, 114, 119, 99, 134, 124, 99, 141, 99, 103, 99, 99, 134]
[15, 16, 8][99, 99, 99, 110, 99, 99, 99, 110, 99, 99, 99, 99, 113, 100, 99, 117, 99, 99, 99, 104, 103, 99, 109, 99, 99, 105, 99, 114, 99, 99, 113, 99]
[16, 16, 8][99, 99, 99, 109, 99, 99, 99, 101, 99, 118, 99, 99, 113, 101, 99, 121, 103, 99, 99, 109, 118, 99, 115, 103, 101, 104, 99, 117, 103, 103, 115, 99]
[17, 16, 8][99, 115, 99, 132, 99, 99, 99, 99, 99, 99, 99, 99, 113, 99, 112, 111, 99, 99, 99, 102, 99, 99, 113, 99, 134, 115, 99, 99, 120, 99, 108, 101]
[13, 17, 8][99, 121, 99, 126, 102, 99, 99, 99, 99, 103, 99, 103, 108, 111, 134, 110, 110, 99, 99, 99, 99, 99, 104, 99, 140, 138, 101, 105, 125, 99, 108, 110]
[14, 17, 8][99, 100, 99, 108, 99, 99, 99, 115, 99, 99, 99, 99, 115, 107, 99, 113, 99, 99, 99, 99, 99, 99, 109, 99, 99, 99, 99, 113, 99, 107, 114, 99]
[17, 17, 8][99, 100, 99, 101, 103, 99, 99, 104, 99, 105, 106, 99, 105, 125, 122, 105, 99, 99, 99, 99, 99, 99, 103, 99, 99, 119, 99, 121, 99, 99, 111, 99]
[16, 19, 8][99, 100, 99, 108, 99, 99, 99, 115, 99, 99, 99, 99, 115, 107, 99, 113, 99, 99, 99, 99, 99, 99, 109, 99, 99, 99, 99, 113, 99, 107, 114, 99]
[18, 12, 9][109, 100, 115, 102, 112, 99, 99, 100, 109, 99, 99, 99, 99, 99, 99, 101, 99, 99, 99, 99, 99, 113, 113, 99, 99, 99, 99, 99, 99, 102, 99, 99]
[19, 12, 9][109, 100, 115, 102, 112, 99, 99, 100, 109, 99, 99, 99, 99, 99, 99, 101, 99, 99, 99, 99, 99, 113, 113, 99, 99, 99, 99, 99, 99, 102, 99, 99]
[17, 13, 9][109, 99, 117, 105, 102, 102, 125, 118, 109, 99, 99, 103, 106, 107, 100, 99, 99, 126, 139, 124, 108, 117, 107, 128, 104, 99, 105, 99, 99, 108, 99, 118]
[15, 14, 9][122, 99, 125, 99, 118, 106, 124, 106, 117, 120, 110, 104, 99, 99, 99, 99, 110, 109, 132, 122, 110, 111, 99, 134, 110, 99, 99, 99, 99, 102, 99, 124]
[16, 14, 9][123, 99, 129, 99, 116, 99, 121, 99, 100, 121, 100, 103, 99, 99, 99, 99, 99, 104, 118, 124, 113, 111, 104, 136, 110, 99, 99, 99, 103, 109, 99, 133]
[17, 14, 9][99, 100, 99, 108, 99, 99, 99, 115, 99, 99, 99, 99, 115, 107, 99, 113, 99, 99, 99, 99, 99, 99, 109, 99, 99, 99, 99, 113, 99, 107, 114, 99]
[14, 15, 9][115, 100, 116, 99, 102, 107, 103, 102, 110, 101, 102, 101, 99, 102, 99, 99, 99, 110, 126, 106, 99, 119, 110, 125, 99, 99, 107, 99, 102, 105, 99, 105]
[15, 15, 9][121, 103, 118, 102, 112, 102, 126, 100, 110, 120, 119, 109, 99, 99, 99, 102, 108, 115, 130, 108, 103, 115, 116, 134, 99, 99, 99, 99, 108, 108, 99, 114]
[16, 15, 9][99, 100, 99, 108, 99, 99, 99, 115, 99, 99, 99, 99, 115, 107, 99, 113, 99, 99, 99, 99, 99, 99, 109, 99, 99, 99, 99, 113, 99, 107, 114, 99]
[15, 16, 9][99, 99, 99, 99, 99, 99, 130, 114, 99, 118, 99, 99, 110, 102, 99, 116, 111, 99, 99, 129, 120, 99, 99, 104, 110, 106, 99, 123, 99, 99, 107, 99]
[17, 16, 9][99, 111, 103, 119, 99, 99, 99, 99, 100, 99, 99, 99, 104, 99, 104, 117, 106, 99, 99, 99, 99, 99, 111, 99, 113, 110, 99, 99, 106, 116, 111, 99]
[15, 17, 9][99, 103, 99, 108, 99, 99, 132, 118, 99, 118, 99, 99, 117, 99, 99, 117, 109, 99, 99, 128, 121, 99, 115, 104, 112, 104, 113, 123, 99, 107, 117, 99]
[12, 18, 9][99, 100, 99, 108, 99, 99, 99, 115, 99, 99, 99, 99, 115, 107, 99, 113, 99, 99, 99, 99, 99, 99, 109, 99, 99, 99, 99, 113, 99, 107, 114, 99]
[14, 18, 9][99, 123, 99, 126, 99, 99, 99, 99, 99, 119, 99, 110, 115, 100, 118, 117, 120, 99, 99, 99, 99, 99, 110, 99, 140, 133, 113, 111, 137, 99, 109, 114]
[17, 18, 9][99, 100, 99, 108, 99, 99, 99, 115, 99, 99, 99, 99, 115, 107, 99, 113, 99, 99, 99, 99, 99, 99, 109, 99, 99, 99, 99, 113, 99, 107, 114, 99]
[18, 18, 9][99, 100, 99, 108, 99, 99, 99, 115, 99, 99, 99, 99, 115, 107, 99, 113, 99, 99, 99, 99, 99, 99, 109, 99, 99, 99, 99, 113, 99, 107, 114, 99]
[18, 12, 10][114, 102, 110, 102, 122, 114, 103, 109, 124, 99, 99, 111, 99, 111, 108, 99, 99, 99, 107, 99, 99, 118, 107, 102, 101, 99, 99, 99, 111, 103, 99, 99]
[17, 13, 10][111, 99, 124, 99, 104, 100, 127, 118, 109, 99, 99, 106, 99, 103, 99, 99, 99, 126, 139, 135, 115, 117, 99, 128, 113, 99, 105, 99, 99, 99, 99, 128]
[16, 14, 10][124, 99, 127, 99, 116, 99, 121, 111, 104, 119, 100, 117, 99, 99, 99, 99, 99, 115, 117, 126, 113, 112, 100, 136, 110, 99, 99, 99, 99, 109, 99, 122]
[14, 15, 10][109, 100, 115, 102, 112, 99, 99, 100, 109, 99, 99, 99, 99, 99, 99, 101, 99, 99, 99, 99, 99, 113, 113, 99, 99, 99, 99, 99, 99, 102, 99, 99]
[15, 15, 10][109, 100, 115, 102, 112, 99, 99, 100, 109, 99, 99, 99, 99, 99, 99, 101, 99, 99, 99, 99, 99, 113, 113, 99, 99, 99, 99, 99, 99, 102, 99, 99]
[16, 16, 10][99, 109, 101, 108, 99, 99, 99, 99, 101, 103, 102, 99, 100, 124, 123, 119, 116, 99, 99, 99, 99, 99, 103, 99, 104, 128, 99, 111, 99, 124, 117, 99]
[17, 16, 10][99, 109, 105, 108, 99, 99, 99, 99, 99, 111, 99, 99, 99, 99, 99, 123, 122, 99, 99, 99, 99, 99, 105, 99, 104, 117, 99, 99, 99, 123, 113, 99]
[14, 17, 10][99, 100, 99, 108, 99, 99, 99, 115, 99, 99, 99, 99, 115, 107, 99, 113, 99, 99, 99, 99, 99, 99, 109, 99, 99, 99, 99, 113, 99, 107, 114, 99]
[17, 17, 10][99, 99, 99, 108, 99, 99, 119, 125, 99, 117, 99, 99, 115, 125, 108, 112, 111, 100, 99, 113, 104, 99, 103, 99, 99, 112, 107, 123, 99, 108, 114, 99]
[18, 17, 10][99, 100, 99, 108, 99, 99, 99, 115, 99, 99, 99, 99, 115, 107, 99, 113, 99, 99, 99, 99, 99, 99, 109, 99, 99, 99, 99, 113, 99, 107, 114, 99]
[14, 18, 10][99, 100, 99, 108, 99, 99, 99, 115, 99, 99, 99, 99, 115, 107, 99, 113, 99, 99, 99, 99, 99, 99, 109, 99, 99, 99, 99, 113, 99, 107, 114, 99]
[17, 19, 10][99, 100, 99, 108, 99, 99, 99, 115, 99, 99, 99, 99, 115, 107, 99, 113, 99, 99, 99, 99, 99, 99, 109, 99, 99, 99, 99, 113, 99, 107, 114, 99]
[8, 0, 11][109, 100, 115, 102, 112, 99, 99, 100, 109, 99, 99, 99, 99, 99, 99, 101, 99, 99, 99, 99, 99, 113, 113, 99, 99, 99, 99, 99, 99, 102, 99, 99]
[17, 11, 11][109, 100, 115, 102, 112, 99, 99, 100, 109, 99, 99, 99, 99, 99, 99, 101, 99, 99, 99, 99, 99, 113, 113, 99, 99, 99, 99, 99, 99, 102, 99, 99]
[21, 11, 11][109, 100, 115, 102, 112, 99, 99, 100, 109, 99, 99, 99, 99, 99, 99, 101, 99, 99, 99, 99, 99, 113, 113, 99, 99, 99, 99, 99, 99, 102, 99, 99]
[27, 11, 11][109, 100, 115, 102, 112, 99, 99, 100, 109, 99, 99, 99, 99, 99, 99, 101, 99, 99, 99, 99, 99, 113, 113, 99, 99, 99, 99, 99, 99, 102, 99, 99]
[18, 12, 11][109, 100, 115, 102, 112, 99, 99, 100, 109, 99, 99, 99, 99, 99, 99, 101, 99, 99, 99, 99, 99, 113, 113, 99, 99, 99, 99, 99, 99, 102, 99, 99]
[17, 14, 11][99, 99, 99, 103, 99, 99, 123, 104, 99, 116, 99, 99, 108, 99, 103, 117, 120, 99, 99, 144, 123, 99, 99, 102, 134, 115, 101, 115, 101, 99, 108, 104]
[14, 15, 11][113, 100, 120, 102, 118, 106, 119, 117, 117, 99, 99, 110, 99, 111, 106, 101, 99, 125, 134, 129, 99, 123, 113, 125, 114, 99, 108, 99, 100, 103, 99, 122]
[15, 15, 11][114, 102, 115, 102, 112, 104, 99, 100, 109, 100, 103, 99, 99, 99, 99, 101, 99, 99, 109, 99, 99, 116, 113, 110, 99, 99, 99, 99, 99, 104, 99, 99]
[16, 15, 11][99, 107, 99, 105, 114, 99, 99, 110, 108, 105, 99, 99, 103, 127, 129, 112, 117, 99, 99, 102, 112, 99, 104, 99, 108, 130, 99, 120, 104, 99, 121, 99]
[17, 15, 11][99, 99, 99, 106, 108, 99, 125, 108, 99, 121, 99, 99, 116, 99, 113, 117, 117, 99, 99, 144, 123, 99, 99, 105, 136, 114, 116, 120, 115, 99, 110, 103]
[13, 16, 11][114, 99, 117, 102, 118, 106, 103, 109, 111, 99, 99, 106, 99, 111, 110, 99, 99, 110, 112, 114, 99, 120, 107, 112, 105, 99, 105, 99, 99, 103, 99, 102]
[14, 16, 11][109, 100, 115, 102, 112, 99, 99, 100, 109, 99, 99, 99, 99, 99, 99, 101, 99, 99, 99, 99, 99, 113, 113, 99, 99, 99, 99, 99, 99, 102, 99, 99]
[18, 16, 11][99, 100, 99, 108, 99, 99, 99, 115, 99, 99, 99, 99, 115, 107, 99, 113, 99, 99, 99, 99, 99, 99, 109, 99, 99, 99, 99, 113, 99, 107, 114, 99]
[17, 18, 11][99, 99, 99, 99, 99, 99, 122, 101, 99, 116, 99, 99, 115, 121, 101, 112, 112, 106, 99, 138, 109, 99, 99, 99, 116, 111, 123, 123, 99, 99, 110, 101]
[27, 11, 12][109, 100, 115, 103, 112, 104, 118, 107, 117, 99, 99, 99, 99, 99, 99, 102, 99, 99, 99, 99, 99, 113, 113, 99, 99, 99, 99, 99, 99, 107, 99, 99]
[18, 12, 12][120, 100, 128, 102, 116, 99, 102, 100, 113, 104, 99, 106, 99, 99, 104, 101, 99, 105, 114, 120, 99, 118, 115, 123, 105, 99, 99, 99, 105, 108, 99, 111]
[17, 13, 12][113, 99, 116, 105, 106, 102, 105, 113, 106, 99, 99, 108, 106, 107, 107, 99, 99, 112, 115, 116, 99, 121, 109, 113, 104, 99, 109, 99, 99, 108, 99, 100]
[19, 13, 12][120, 116, 118, 99, 108, 106, 99, 99, 131, 99, 104, 123, 99, 99, 104, 103, 102, 99, 99, 99, 99, 115, 100, 99, 99, 99, 99, 99, 119, 118, 99, 99]
[18, 14, 12][99, 100, 99, 108, 99, 99, 99, 115, 99, 99, 99, 99, 115, 107, 99, 113, 99, 99, 99, 99, 99, 99, 109, 99, 99, 99, 99, 113, 99, 107, 114, 99]
[19, 14, 12][109, 100, 115, 102, 112, 99, 99, 100, 109, 99, 99, 99, 99, 99, 99, 101, 99, 99, 99, 99, 99, 113, 113, 99, 99, 99, 99, 99, 99, 102, 99, 99]
[14, 15, 12][109, 100, 115, 102, 112, 99, 99, 100, 109, 99, 99, 99, 99, 99, 99, 101, 99, 99, 99, 99, 99, 113, 113, 99, 99, 99, 99, 99, 99, 102, 99, 99]
[15, 16, 12][99, 100, 99, 108, 99, 99, 99, 115, 99, 99, 99, 99, 115, 107, 99, 113, 99, 99, 99, 99, 99, 99, 109, 99, 99, 99, 99, 113, 99, 107, 114, 99]
[17, 16, 12][99, 100, 99, 108, 99, 99, 99, 115, 99, 99, 99, 99, 115, 107, 99, 113, 99, 99, 99, 99, 99, 99, 109, 99, 99, 99, 99, 113, 99, 107, 114, 99]
[14, 17, 12][99, 99, 99, 108, 101, 99, 99, 112, 99, 100, 99, 99, 112, 110, 105, 114, 99, 99, 99, 105, 103, 99, 110, 99, 100, 105, 99, 114, 99, 102, 118, 99]
[17, 17, 12][99, 100, 99, 108, 99, 99, 99, 115, 99, 99, 99, 99, 115, 107, 99, 113, 99, 99, 99, 99, 99, 99, 109, 99, 99, 99, 99, 113, 99, 107, 114, 99]
[14, 18, 12][99, 100, 99, 108, 99, 99, 99, 115, 99, 99, 99, 99, 115, 107, 99, 113, 99, 99, 99, 99, 99, 99, 109, 99, 99, 99, 99, 113, 99, 107, 114, 99]
[23, 2, 13][109, 100, 115, 102, 112, 99, 99, 100, 109, 99, 99, 99, 99, 99, 99, 101, 99, 99, 99, 99, 99, 113, 113, 99, 99, 99, 99, 99, 99, 102, 99, 99]
[18, 12, 13][130, 111, 123, 99, 129, 125, 102, 99, 139, 104, 122, 117, 99, 104, 119, 100, 105, 105, 114, 107, 99, 116, 99, 123, 108, 99, 99, 99, 126, 114, 99, 111]
[19, 12, 13][109, 100, 115, 102, 112, 99, 99, 100, 109, 99, 99, 99, 99, 99, 99, 101, 99, 99, 99, 99, 99, 113, 113, 99, 99, 99, 99, 99, 99, 102, 99, 99]
[16, 13, 13][118, 99, 122, 99, 128, 102, 120, 106, 116, 105, 103, 99, 99, 99, 103, 101, 99, 99, 119, 106, 99, 116, 114, 122, 99, 99, 99, 99, 99, 99, 99, 107]
[19, 13, 13][134, 117, 112, 99, 111, 125, 99, 99, 128, 120, 149, 127, 99, 99, 99, 99, 115, 108, 106, 99, 99, 114, 99, 129, 110, 99, 99, 99, 144, 126, 99, 113]
[16, 14, 13][109, 100, 115, 102, 112, 99, 99, 100, 109, 99, 99, 99, 99, 99, 99, 101, 99, 99, 99, 99, 99, 113, 113, 99, 99, 99, 99, 99, 99, 102, 99, 99]
[17, 14, 13][99, 100, 99, 108, 99, 99, 99, 115, 99, 99, 99, 99, 115, 107, 99, 113, 99, 99, 99, 99, 99, 99, 109, 99, 99, 99, 99, 113, 99, 107, 114, 99]
[14, 15, 13][109, 100, 115, 102, 112, 99, 99, 100, 109, 99, 99, 99, 99, 99, 99, 101, 99, 99, 99, 99, 99, 113, 113, 99, 99, 99, 99, 99, 99, 102, 99, 99]
[15, 15, 13][115, 103, 119, 102, 106, 99, 117, 100, 108, 111, 104, 101, 99, 99, 99, 105, 99, 99, 119, 107, 99, 117, 119, 126, 99, 99, 99, 99, 105, 101, 99, 105]
[16, 15, 13][99, 100, 99, 108, 99, 99, 99, 115, 99, 99, 99, 99, 115, 107, 99, 113, 99, 99, 99, 99, 99, 99, 109, 99, 99, 99, 99, 113, 99, 107, 114, 99]
[17, 15, 13][99, 110, 99, 118, 101, 99, 99, 115, 99, 99, 99, 99, 114, 110, 113, 113, 99, 99, 99, 99, 99, 99, 110, 99, 113, 112, 99, 113, 104, 102, 118, 99]
[13, 17, 13][99, 100, 99, 108, 99, 99, 99, 115, 99, 99, 99, 99, 115, 107, 99, 113, 99, 99, 99, 99, 99, 99, 109, 99, 99, 99, 99, 113, 99, 107, 114, 99]
[14, 17, 13][99, 100, 99, 108, 99, 99, 99, 115, 99, 99, 99, 99, 115, 107, 99, 113, 99, 99, 99, 99, 99, 99, 109, 99, 99, 99, 99, 113, 99, 107, 114, 99]
[17, 17, 13][99, 100, 99, 108, 99, 99, 99, 115, 99, 99, 99, 99, 115, 107, 99, 113, 99, 99, 99, 99, 99, 99, 109, 99, 99, 99, 99, 113, 99, 107, 114, 99]
[17, 18, 13][99, 112, 99, 120, 99, 99, 99, 120, 99, 99, 99, 99, 122, 103, 107, 115, 100, 99, 99, 99, 99, 100, 109, 99, 131, 114, 100, 113, 113, 112, 112, 99]
[17, 24, 13][109, 100, 115, 102, 112, 99, 99, 100, 109, 99, 99, 99, 99, 99, 99, 101, 99, 99, 99, 99, 99, 113, 113, 99, 99, 99, 99, 99, 99, 102, 99, 99]
[17, 12, 14][109, 100, 115, 102, 112, 99, 99, 100, 109, 99, 99, 99, 99, 99, 99, 101, 99, 99, 99, 99, 99, 113, 113, 99, 99, 99, 99, 99, 99, 102, 99, 99]
[17, 13, 14][117, 102, 125, 105, 108, 99, 99, 104, 111, 99, 99, 124, 105, 99, 109, 101, 99, 111, 99, 118, 99, 121, 112, 99, 113, 99, 108, 99, 107, 107, 99, 105]
[16, 14, 14][109, 100, 115, 102, 112, 99, 99, 100, 109, 99, 99, 99, 99, 99, 99, 101, 99, 99, 99, 99, 99, 113, 113, 99, 99, 99, 99, 99, 99, 102, 99, 99]
[16, 15, 14][99, 100, 99, 108, 99, 99, 99, 115, 99, 99, 99, 99, 115, 107, 99, 113, 99, 99, 99, 99, 99, 99, 109, 99, 99, 99, 99, 113, 99, 107, 114, 99]
[16, 16, 14][99, 102, 99, 116, 99, 99, 109, 120, 99, 99, 99, 99, 122, 103, 103, 115, 100, 99, 99, 125, 99, 100, 109, 99, 127, 102, 104, 114, 102, 112, 112, 99]
[14, 18, 14][99, 100, 99, 108, 99, 99, 99, 115, 99, 99, 99, 99, 115, 107, 99, 113, 99, 99, 99, 99, 99, 99, 109, 99, 99, 99, 99, 113, 99, 107, 114, 99]
[4, 26, 14][109, 100, 115, 102, 112, 99, 99, 100, 109, 99, 99, 99, 99, 99, 99, 101, 99, 99, 99, 99, 99, 113, 113, 99, 99, 99, 99, 99, 99, 102, 99, 99]
[3, 3, 15][99, 100, 99, 108, 99, 99, 99, 115, 99, 99, 99, 99, 115, 107, 99, 113, 99, 99, 99, 99, 99, 99, 109, 99, 99, 99, 99, 113, 99, 107, 114, 99]
[25, 11, 15][99, 100, 99, 108, 99, 99, 99, 115, 99, 99, 99, 99, 115, 107, 99, 113, 99, 99, 99, 99, 99, 99, 109, 99, 99, 99, 99, 113, 99, 107, 114, 99]
[18, 12, 15][108, 99, 136, 99, 106, 99, 125, 99, 118, 124, 101, 126, 99, 99, 99, 99, 119, 144, 148, 170, 142, 107, 99, 149, 124, 99, 126, 99, 99, 99, 99, 151]
[16, 13, 15][111, 99, 124, 99, 99, 108, 142, 126, 115, 99, 99, 128, 99, 125, 100, 99, 104, 156, 153, 165, 128, 111, 99, 132, 126, 99, 149, 99, 99, 99, 99, 140]
[17, 13, 15][117, 99, 128, 101, 108, 100, 134, 117, 115, 108, 103, 129, 99, 106, 109, 99, 111, 153, 152, 167, 139, 121, 110, 140, 126, 99, 145, 99, 107, 99, 99, 149]
[15, 14, 15][118, 99, 134, 104, 129, 106, 148, 125, 115, 122, 99, 117, 99, 102, 106, 99, 102, 136, 132, 156, 120, 114, 107, 133, 127, 99, 104, 99, 99, 99, 99, 142]
[16, 14, 15][113, 100, 119, 103, 123, 99, 99, 103, 113, 99, 99, 107, 99, 99, 99, 101, 99, 99, 99, 99, 99, 114, 113, 99, 99, 99, 99, 99, 99, 102, 99, 99]
[17, 14, 15][99, 99, 99, 113, 99, 99, 133, 129, 99, 99, 99, 99, 117, 103, 109, 108, 108, 99, 99, 125, 99, 99, 99, 99, 102, 99, 105, 125, 99, 99, 113, 102]
[18, 14, 15][99, 100, 99, 108, 99, 99, 99, 115, 99, 99, 99, 99, 115, 107, 99, 113, 99, 99, 99, 99, 99, 99, 109, 99, 99, 99, 99, 113, 99, 107, 114, 99]
[14, 15, 15][115, 99, 142, 99, 115, 99, 139, 121, 125, 106, 99, 132, 99, 100, 99, 99, 112, 145, 136, 161, 120, 107, 99, 124, 131, 99, 123, 99, 99, 101, 99, 149]
[15, 15, 15][113, 99, 136, 99, 104, 99, 129, 112, 106, 122, 99, 124, 99, 99, 99, 99, 100, 139, 131, 163, 124, 107, 99, 133, 131, 99, 120, 99, 99, 100, 99, 156]
[16, 15, 15][99, 100, 99, 114, 99, 99, 107, 115, 99, 99, 99, 99, 115, 107, 111, 115, 102, 99, 99, 128, 104, 99, 109, 99, 128, 104, 99, 114, 99, 107, 116, 101]
[17, 15, 15][99, 102, 99, 116, 99, 99, 140, 133, 109, 101, 99, 99, 124, 100, 104, 110, 118, 102, 99, 125, 99, 99, 99, 99, 118, 105, 121, 125, 99, 101, 109, 101]
[13, 16, 15][113, 99, 131, 99, 107, 99, 149, 138, 122, 99, 99, 136, 99, 99, 113, 99, 105, 154, 133, 164, 107, 108, 99, 108, 130, 99, 141, 99, 99, 99, 99, 142]
[14, 16, 15][111, 99, 135, 99, 101, 99, 141, 129, 121, 101, 99, 137, 99, 99, 104, 99, 111, 150, 131, 167, 120, 110, 99, 120, 133, 99, 139, 99, 99, 99, 99, 151]
[17, 16, 15][99, 102, 114, 106, 99, 99, 111, 102, 117, 101, 99, 99, 102, 99, 99, 111, 99, 99, 99, 99, 99, 99, 105, 99, 99, 99, 99, 99, 99, 122, 106, 99]
[18, 16, 15][99, 100, 99, 108, 99, 99, 99, 115, 99, 99, 99, 99, 115, 107, 99, 113, 99, 99, 99, 99, 99, 99, 109, 99, 99, 99, 99, 113, 99, 107, 114, 99]
[13, 17, 15][99, 99, 99, 100, 102, 99, 121, 123, 99, 106, 99, 99, 111, 111, 112, 112, 101, 99, 99, 119, 111, 99, 99, 99, 118, 115, 99, 119, 99, 99, 107, 99]
[14, 17, 15][99, 99, 99, 105, 101, 99, 109, 111, 99, 104, 99, 99, 111, 110, 105, 116, 99, 99, 99, 119, 115, 99, 110, 99, 119, 111, 99, 114, 101, 102, 118, 99]
[15, 17, 15][99, 100, 99, 108, 99, 99, 99, 115, 99, 99, 99, 99, 115, 107, 99, 113, 99, 99, 99, 99, 99, 99, 109, 99, 99, 99, 99, 113, 99, 107, 114, 99]
[17, 17, 15][99, 99, 99, 99, 99, 99, 134, 99, 99, 140, 99, 99, 100, 117, 99, 114, 126, 99, 100, 132, 139, 99, 99, 113, 99, 123, 99, 135, 99, 99, 109, 100]
[18, 17, 15][99, 99, 99, 99, 99, 99, 124, 99, 99, 156, 99, 99, 99, 99, 99, 118, 130, 99, 99, 126, 142, 99, 99, 122, 99, 118, 99, 135, 99, 99, 109, 103]
[13, 18, 15][99, 108, 99, 112, 99, 99, 124, 127, 99, 105, 99, 101, 118, 107, 121, 111, 106, 99, 99, 118, 105, 99, 101, 99, 118, 117, 114, 119, 99, 99, 113, 99]
[14, 18, 15][99, 112, 99, 112, 99, 99, 116, 118, 99, 121, 99, 102, 117, 99, 112, 122, 123, 99, 99, 121, 109, 99, 107, 105, 125, 121, 110, 119, 117, 99, 116, 107]
[17, 18, 15][99, 99, 99, 99, 99, 99, 137, 99, 99, 137, 99, 99, 107, 106, 99, 114, 124, 103, 99, 131, 134, 99, 99, 105, 99, 121, 114, 134, 99, 99, 105, 99]
[12, 20, 15][99, 100, 99, 108, 99, 99, 99, 115, 99, 99, 99, 99, 115, 107, 99, 113, 99, 99, 99, 99, 99, 99, 109, 99, 99, 99, 99, 113, 99, 107, 114, 99]
[18, 20, 15][99, 100, 99, 108, 99, 99, 99, 115, 99, 99, 99, 99, 115, 107, 99, 113, 99, 99, 99, 99, 99, 99, 109, 99, 99, 99, 99, 113, 99, 107, 114, 99]
[10, 22, 15][99, 100, 99, 108, 99, 99, 99, 115, 99, 99, 99, 99, 115, 107, 99, 113, 99, 99, 99, 99, 99, 99, 109, 99, 99, 99, 99, 113, 99, 107, 114, 99]
[15, 29, 15][99, 100, 99, 108, 99, 99, 99, 115, 99, 99, 99, 99, 115, 107, 99, 113, 99, 99, 99, 99, 99, 99, 109, 99, 99, 99, 99, 113, 99, 107, 114, 99]
[17, 12, 16][113, 99, 136, 99, 118, 104, 137, 115, 110, 123, 99, 123, 99, 102, 99, 99, 121, 150, 157, 173, 147, 104, 99, 149, 134, 99, 134, 99, 99, 99, 99, 151]
[18, 12, 16][114, 99, 140, 99, 112, 99, 129, 106, 109, 139, 101, 124, 99, 99, 99, 99, 128, 146, 152, 176, 151, 104, 99, 158, 134, 99, 130, 99, 108, 99, 99, 159]
[16, 13, 16][122, 99, 134, 100, 139, 108, 147, 126, 121, 107, 99, 128, 99, 125, 104, 99, 113, 159, 162, 170, 144, 111, 113, 140, 139, 99, 153, 99, 101, 99, 99, 144]
[17, 13, 16][120, 99, 138, 99, 120, 100, 139, 120, 120, 123, 103, 129, 99, 106, 99, 99, 119, 155, 156, 173, 147, 110, 99, 149, 139, 99, 149, 99, 111, 99, 99, 153]
[19, 13, 16][99, 100, 99, 108, 99, 99, 99, 115, 99, 99, 99, 99, 115, 107, 99, 113, 99, 99, 99, 99, 99, 99, 109, 99, 99, 99, 99, 113, 99, 107, 114, 99]
[15, 14, 16][122, 99, 137, 99, 121, 103, 148, 127, 115, 128, 99, 129, 99, 99, 99, 99, 120, 150, 143, 172, 133, 107, 99, 138, 135, 99, 144, 99, 99, 99, 99, 149]
[16, 14, 16][120, 100, 136, 103, 123, 100, 140, 131, 114, 120, 101, 130, 99, 99, 99, 99, 110, 151, 139, 175, 137, 114, 112, 140, 141, 99, 145, 99, 108, 99, 99, 158]
[17, 14, 16][99, 99, 104, 113, 115, 99, 145, 129, 99, 116, 99, 99, 117, 103, 109, 113, 133, 99, 99, 144, 117, 99, 99, 102, 140, 108, 112, 125, 99, 102, 113, 114]
[18, 14, 16][99, 106, 99, 117, 99, 99, 99, 111, 99, 99, 99, 99, 117, 105, 101, 113, 99, 99, 99, 99, 99, 99, 110, 99, 104, 102, 99, 110, 99, 108, 114, 99]
[14, 15, 16][116, 99, 147, 99, 128, 100, 156, 123, 132, 113, 99, 138, 99, 100, 112, 99, 114, 148, 148, 169, 133, 107, 99, 129, 140, 99, 139, 99, 100, 101, 99, 158]
[15, 15, 16][115, 99, 135, 99, 112, 99, 148, 131, 109, 129, 103, 132, 99, 99, 99, 99, 118, 152, 142, 172, 137, 104, 99, 137, 140, 99, 143, 99, 109, 100, 99, 161]
[16, 15, 16][99, 99, 99, 114, 99, 99, 155, 126, 99, 99, 99, 99, 118, 104, 111, 112, 125, 99, 102, 142, 113, 99, 99, 99, 142, 106, 123, 114, 99, 99, 108, 109]
[17, 15, 16][99, 99, 99, 116, 99, 99, 148, 133, 99, 115, 99, 99, 124, 100, 102, 115, 131, 102, 99, 144, 117, 99, 102, 102, 142, 107, 127, 125, 110, 107, 110, 118]
[13, 16, 16][116, 99, 138, 99, 120, 101, 149, 138, 127, 99, 99, 141, 99, 99, 118, 99, 105, 154, 135, 166, 114, 109, 99, 109, 137, 99, 141, 99, 99, 99, 99, 148]
[14, 16, 16][114, 99, 140, 99, 112, 99, 146, 129, 125, 113, 99, 143, 99, 99, 106, 99, 112, 152, 145, 169, 134, 110, 99, 126, 142, 99, 150, 99, 107, 99, 99, 157]
[17, 16, 16][107, 102, 120, 106, 116, 99, 129, 108, 124, 131, 99, 117, 102, 99, 110, 111, 131, 109, 99, 129, 124, 99, 105, 99, 122, 113, 99, 113, 106, 122, 106, 124]
[4, 17, 16][99, 100, 99, 108, 99, 99, 99, 115, 99, 99, 99, 99, 115, 107, 99, 113, 99, 99, 99, 99, 99, 99, 109, 99, 99, 99, 99, 113, 99, 107, 114, 99]
[13, 17, 16][115, 99, 131, 99, 104, 99, 143, 143, 120, 99, 99, 144, 99, 99, 112, 99, 103, 155, 129, 165, 107, 112, 99, 105, 139, 99, 148, 99, 106, 99, 99, 147]
[14, 17, 16][99, 110, 99, 99, 99, 99, 143, 106, 99, 124, 99, 99, 111, 106, 106, 121, 126, 99, 99, 140, 139, 99, 99, 108, 123, 122, 107, 128, 110, 104, 111, 99]
[15, 17, 16][99, 99, 99, 99, 99, 99, 106, 99, 99, 130, 99, 99, 110, 99, 99, 120, 114, 99, 99, 121, 133, 99, 99, 116, 119, 111, 104, 117, 111, 103, 109, 99]
[17, 17, 16][106, 104, 113, 109, 100, 99, 134, 113, 117, 137, 101, 122, 109, 110, 104, 114, 128, 114, 99, 132, 134, 101, 105, 105, 124, 122, 99, 134, 113, 127, 109, 123]
[11, 18, 16][99, 100, 99, 108, 99, 99, 99, 115, 99, 99, 99, 99, 115, 107, 99, 113, 99, 99, 99, 99, 99, 99, 109, 99, 99, 99, 99, 113, 99, 107, 114, 99]
[17, 18, 16][99, 102, 99, 110, 99, 99, 133, 112, 101, 130, 110, 114, 108, 99, 105, 105, 126, 113, 99, 128, 125, 99, 99, 99, 126, 110, 109, 113, 109, 103, 107, 122]
[21, 8, 17][109, 100, 115, 102, 112, 99, 99, 100, 109, 99, 99, 99, 99, 99, 99, 101, 99, 99, 99, 99, 99, 113, 113, 99, 99, 99, 99, 99, 99, 102, 99, 99]
[17, 12, 17][119, 99, 116, 99, 113, 124, 132, 118, 125, 101, 114, 110, 99, 108, 99, 99, 99, 128, 145, 123, 112, 118, 99, 121, 107, 99, 100, 99, 114, 99, 99, 116]
[18, 12, 17][114, 99, 132, 99, 107, 100, 125, 109, 112, 126, 103, 109, 99, 99, 99, 99, 104, 136, 148, 150, 143, 113, 99, 148, 123, 99, 118, 99, 105, 99, 99, 143]
[16, 13, 17][117, 99, 137, 99, 126, 104, 138, 120, 121, 118, 99, 125, 99, 99, 101, 99, 111, 145, 143, 165, 126, 107, 99, 136, 139, 99, 129, 99, 99, 99, 99, 149]
[17, 13, 17][117, 99, 140, 99, 120, 99, 144, 111, 120, 127, 101, 126, 99, 99, 99, 99, 112, 145, 156, 168, 154, 106, 99, 152, 139, 99, 137, 99, 108, 99, 99, 157]
[19, 13, 17][99, 110, 99, 121, 99, 99, 99, 110, 99, 99, 99, 99, 114, 99, 105, 109, 99, 99, 99, 99, 99, 99, 109, 99, 115, 115, 99, 108, 106, 99, 107, 99]
[15, 14, 17][119, 99, 136, 99, 120, 102, 148, 127, 115, 124, 101, 122, 99, 107, 99, 99, 122, 152, 148, 172, 133, 102, 99, 140, 131, 99, 142, 99, 99, 99, 99, 155]
[16, 14, 17][120, 99, 136, 99, 110, 100, 140, 124, 114, 120, 101, 130, 99, 99, 99, 99, 110, 151, 142, 175, 137, 109, 99, 140, 141, 99, 145, 99, 108, 99, 99, 158]
[17, 14, 17][99, 99, 104, 99, 123, 99, 143, 110, 99, 116, 99, 99, 109, 99, 106, 113, 140, 99, 100, 134, 119, 99, 99, 99, 155, 115, 112, 113, 110, 102, 104, 125]
[18, 14, 17][99, 100, 99, 108, 99, 99, 99, 115, 99, 99, 99, 99, 115, 107, 99, 113, 99, 99, 99, 99, 99, 99, 109, 99, 99, 99, 99, 113, 99, 107, 114, 99]
[14, 15, 17][121, 99, 132, 99, 125, 101, 144, 119, 115, 113, 99, 138, 99, 99, 99, 99, 107, 147, 147, 169, 133, 103, 99, 126, 140, 99, 134, 99, 101, 99, 99, 152]
[15, 15, 17][117, 99, 135, 99, 113, 99, 148, 131, 110, 129, 110, 132, 99, 99, 99, 99, 119, 158, 147, 172, 137, 104, 99, 140, 140, 99, 151, 99, 109, 99, 99, 161]
[16, 15, 17][99, 99, 99, 115, 99, 99, 140, 133, 99, 99, 99, 99, 119, 103, 110, 107, 115, 99, 99, 142, 104, 99, 99, 99, 134, 106, 112, 124, 99, 99, 114, 109]
[17, 15, 17][99, 99, 99, 115, 107, 99, 148, 124, 99, 115, 99, 99, 119, 99, 101, 114, 137, 99, 99, 144, 119, 99, 103, 102, 157, 114, 127, 124, 117, 107, 117, 124]
[13, 16, 17][121, 99, 138, 99, 120, 105, 154, 137, 127, 99, 99, 149, 99, 99, 118, 99, 106, 161, 151, 171, 130, 109, 99, 117, 142, 99, 153, 99, 99, 99, 99, 148]
[14, 16, 17][119, 99, 140, 99, 112, 99, 146, 128, 126, 113, 108, 150, 99, 99, 106, 99, 112, 158, 145, 173, 134, 108, 99, 126, 142, 99, 150, 99, 109, 99, 99, 157]
[15, 16, 17][99, 99, 99, 99, 99, 99, 131, 104, 99, 133, 99, 99, 106, 99, 99, 118, 117, 99, 99, 135, 139, 99, 99, 117, 106, 103, 99, 135, 99, 99, 108, 99]
[18, 16, 17][99, 100, 99, 108, 99, 99, 99, 115, 99, 99, 99, 99, 115, 107, 99, 113, 99, 99, 99, 99, 99, 99, 109, 99, 99, 99, 99, 113, 99, 107, 114, 99]
[14, 17, 17][99, 101, 103, 105, 99, 99, 144, 108, 99, 124, 99, 99, 107, 103, 99, 117, 126, 99, 99, 140, 139, 99, 115, 108, 120, 114, 113, 135, 99, 102, 121, 99]
[15, 17, 17][99, 99, 99, 99, 99, 99, 135, 99, 99, 140, 99, 99, 100, 99, 99, 118, 133, 99, 99, 143, 143, 99, 99, 116, 120, 110, 109, 135, 99, 99, 108, 108]
[17, 17, 17][106, 105, 113, 120, 114, 99, 131, 113, 126, 131, 105, 122, 111, 105, 116, 112, 130, 114, 99, 128, 124, 99, 103, 99, 134, 112, 99, 113, 120, 127, 118, 123]
[18, 17, 17][99, 108, 99, 120, 108, 99, 112, 104, 125, 129, 111, 122, 111, 99, 107, 115, 136, 104, 99, 116, 120, 99, 109, 99, 135, 112, 99, 111, 131, 124, 121, 121]
[13, 18, 17][99, 100, 99, 108, 99, 99, 99, 115, 99, 99, 99, 99, 115, 107, 99, 113, 99, 99, 99, 99, 99, 99, 109, 99, 99, 99, 99, 113, 99, 107, 114, 99]
[17, 18, 17][99, 107, 99, 123, 99, 99, 103, 117, 99, 99, 99, 108, 119, 102, 110, 112, 103, 99, 99, 120, 99, 99, 103, 99, 124, 106, 109, 111, 109, 103, 114, 103]
[17, 12, 18][123, 99, 108, 99, 115, 136, 102, 101, 134, 103, 125, 116, 99, 117, 99, 99, 107, 114, 122, 99, 99, 118, 99, 119, 99, 99, 99, 99, 133, 111, 99, 104]
[18, 12, 18][121, 101, 112, 99, 109, 119, 99, 99, 124, 119, 132, 112, 99, 99, 99, 99, 104, 106, 116, 99, 99, 118, 101, 128, 99, 99, 99, 99, 125, 110, 99, 112]
[16, 13, 18][119, 99, 134, 99, 115, 101, 108, 116, 114, 101, 101, 108, 99, 104, 99, 99, 105, 125, 132, 135, 109, 114, 99, 129, 113, 99, 108, 99, 99, 99, 99, 131]
[15, 14, 18][110, 99, 123, 99, 99, 104, 119, 124, 114, 99, 99, 111, 99, 119, 108, 99, 100, 139, 140, 145, 105, 117, 99, 124, 117, 99, 129, 99, 99, 99, 99, 132]
[16, 14, 18][108, 99, 127, 99, 99, 99, 111, 115, 113, 104, 99, 113, 99, 101, 99, 99, 106, 136, 135, 147, 109, 116, 102, 132, 117, 99, 125, 99, 101, 99, 99, 140]
[17, 14, 18][99, 99, 112, 111, 153, 113, 143, 135, 119, 110, 101, 106, 101, 99, 116, 107, 127, 99, 101, 121, 111, 99, 99, 99, 151, 112, 99, 112, 118, 99, 107, 135]
[29, 14, 18][109, 100, 115, 102, 112, 99, 99, 100, 109, 99, 99, 99, 99, 99, 99, 101, 99, 99, 99, 99, 99, 113, 113, 99, 99, 99, 99, 99, 99, 102, 99, 99]
[14, 15, 18][121, 99, 137, 99, 134, 101, 145, 124, 127, 110, 99, 138, 99, 99, 102, 99, 111, 140, 129, 164, 118, 105, 99, 123, 131, 99, 119, 99, 101, 99, 99, 144]
[15, 15, 18][109, 100, 115, 102, 112, 99, 99, 100, 109, 99, 99, 99, 99, 99, 99, 101, 99, 99, 99, 99, 99, 113, 113, 99, 99, 99, 99, 99, 99, 102, 99, 99]
[16, 15, 18][99, 99, 101, 114, 143, 116, 157, 148, 118, 100, 100, 110, 104, 101, 121, 99, 118, 104, 106, 130, 107, 99, 99, 99, 153, 115, 102, 119, 114, 99, 108, 125]
[17, 15, 18][116, 100, 128, 102, 145, 109, 137, 115, 124, 115, 99, 121, 102, 99, 111, 99, 137, 99, 100, 131, 119, 105, 109, 99, 157, 114, 127, 106, 125, 99, 99, 134]
[13, 16, 18][121, 99, 126, 99, 128, 105, 155, 138, 121, 99, 99, 142, 99, 99, 104, 101, 102, 149, 134, 161, 115, 110, 114, 114, 132, 99, 139, 99, 99, 99, 99, 134]
[14, 16, 18][117, 99, 130, 99, 118, 99, 132, 110, 110, 99, 99, 128, 99, 99, 102, 99, 99, 131, 118, 144, 109, 117, 104, 118, 133, 99, 119, 99, 114, 99, 99, 141]
[17, 16, 18][115, 102, 121, 105, 129, 99, 99, 109, 117, 99, 99, 126, 99, 99, 105, 99, 99, 99, 99, 101, 99, 108, 108, 99, 121, 99, 99, 99, 116, 99, 99, 106]
[13, 17, 18][109, 100, 115, 102, 112, 99, 99, 100, 109, 99, 99, 99, 99, 99, 99, 101, 99, 99, 99, 99, 99, 113, 113, 99, 99, 99, 99, 99, 99, 102, 99, 99]
[14, 17, 18][99, 99, 99, 99, 99, 99, 144, 108, 99, 123, 99, 99, 109, 101, 99, 119, 118, 99, 99, 139, 134, 99, 99, 106, 114, 121, 108, 131, 99, 99, 109, 99]
[17, 17, 18][117, 104, 118, 108, 115, 99, 99, 113, 113, 99, 99, 136, 101, 99, 115, 99, 99, 103, 99, 114, 99, 113, 107, 99, 136, 99, 110, 99, 125, 105, 99, 117]
[30, 24, 18][109, 100, 115, 102, 112, 99, 99, 100, 109, 99, 99, 99, 99, 99, 99, 101, 99, 99, 99, 99, 99, 113, 113, 99, 99, 99, 99, 99, 99, 102, 99, 99]
[8, 7, 19][99, 100, 99, 108, 99, 99, 99, 115, 99, 99, 99, 99, 115, 107, 99, 113, 99, 99, 99, 99, 99, 99, 109, 99, 99, 99, 99, 113, 99, 107, 114, 99]
[18, 12, 19][109, 100, 115, 102, 112, 99, 99, 100, 109, 99, 99, 99, 99, 99, 99, 101, 99, 99, 99, 99, 99, 113, 113, 99, 99, 99, 99, 99, 99, 102, 99, 99]
[17, 13, 19][107, 99, 125, 102, 99, 99, 99, 102, 106, 99, 99, 104, 99, 99, 101, 99, 99, 111, 110, 115, 99, 114, 112, 107, 100, 99, 107, 99, 99, 100, 99, 107]
[15, 14, 19][109, 100, 115, 102, 112, 99, 99, 100, 109, 99, 99, 99, 99, 99, 99, 101, 99, 99, 99, 99, 99, 113, 113, 99, 99, 99, 99, 99, 99, 102, 99, 99]
[17, 14, 19][99, 99, 99, 111, 109, 99, 143, 135, 117, 110, 101, 99, 101, 99, 111, 114, 109, 99, 99, 113, 112, 99, 106, 99, 112, 101, 99, 112, 99, 99, 107, 99]
[15, 15, 19][111, 102, 122, 105, 103, 99, 99, 104, 105, 99, 99, 107, 105, 99, 99, 101, 99, 107, 108, 110, 99, 118, 112, 109, 103, 99, 103, 99, 101, 107, 99, 102]
[17, 15, 19][99, 106, 99, 121, 99, 99, 145, 140, 110, 109, 110, 100, 114, 111, 111, 114, 106, 99, 99, 105, 103, 99, 106, 99, 127, 120, 101, 112, 109, 101, 110, 99]
[13, 16, 19][109, 100, 115, 102, 112, 99, 99, 100, 109, 99, 99, 99, 99, 99, 99, 101, 99, 99, 99, 99, 99, 113, 113, 99, 99, 99, 99, 99, 99, 102, 99, 99]
[17, 16, 19][99, 100, 99, 108, 99, 99, 99, 115, 99, 99, 99, 99, 115, 107, 99, 113, 99, 99, 99, 99, 99, 99, 109, 99, 99, 99, 99, 113, 99, 107, 114, 99]
[14, 17, 19][99, 99, 99, 99, 99, 99, 126, 120, 99, 118, 99, 99, 114, 110, 101, 119, 110, 99, 99, 125, 121, 99, 99, 100, 106, 121, 102, 136, 99, 99, 112, 99]
[16, 17, 19][99, 100, 99, 108, 99, 99, 99, 115, 99, 99, 99, 99, 115, 107, 99, 113, 99, 99, 99, 99, 99, 99, 109, 99, 99, 99, 99, 113, 99, 107, 114, 99]
[17, 17, 19][99, 100, 99, 108, 104, 100, 138, 129, 115, 105, 110, 99, 115, 125, 121, 110, 111, 105, 99, 99, 99, 99, 103, 99, 99, 102, 99, 113, 99, 111, 113, 99]
[18, 17, 19][99, 100, 99, 108, 99, 99, 99, 115, 99, 99, 99, 99, 115, 107, 99, 113, 99, 99, 99, 99, 99, 99, 109, 99, 99, 99, 99, 113, 99, 107, 114, 99]
[14, 18, 19][99, 100, 99, 108, 99, 99, 99, 115, 99, 99, 99, 99, 115, 107, 99, 113, 99, 99, 99, 99, 99, 99, 109, 99, 99, 99, 99, 113, 99, 107, 114, 99]
[17, 18, 19][99, 102, 99, 112, 99, 99, 145, 135, 108, 105, 119, 99, 123, 122, 117, 110, 113, 110, 99, 108, 99, 101, 103, 99, 99, 101, 104, 121, 99, 116, 113, 99]
[13, 22, 19][99, 100, 99, 108, 99, 99, 99, 115, 99, 99, 99, 99, 115, 107, 99, 113, 99, 99, 99, 99, 99, 99, 109, 99, 99, 99, 99, 113, 99, 107, 114, 99]
[18, 11, 20][109, 100, 115, 102, 112, 99, 99, 100, 109, 99, 99, 99, 99, 99, 99, 101, 99, 99, 99, 99, 99, 113, 113, 99, 99, 99, 99, 99, 99, 102, 99, 99]
[17, 12, 20][109, 100, 115, 102, 112, 99, 99, 100, 109, 99, 99, 99, 99, 99, 99, 101, 99, 99, 99, 99, 99, 113, 113, 99, 99, 99, 99, 99, 99, 102, 99, 99]
[18, 12, 20][109, 100, 115, 102, 112, 99, 99, 100, 109, 99, 99, 99, 99, 99, 99, 101, 99, 99, 99, 99, 99, 113, 113, 99, 99, 99, 99, 99, 99, 102, 99, 99]
[16, 13, 20][122, 99, 122, 99, 128, 107, 106, 99, 116, 100, 112, 101, 99, 99, 103, 101, 99, 99, 113, 99, 99, 114, 114, 116, 99, 99, 99, 99, 102, 105, 99, 99]
[19, 13, 20][99, 100, 99, 108, 99, 99, 99, 115, 99, 99, 99, 99, 115, 107, 99, 113, 99, 99, 99, 99, 99, 99, 109, 99, 99, 99, 99, 113, 99, 107, 114, 99]
[16, 14, 20][109, 100, 115, 102, 112, 99, 99, 100, 109, 99, 99, 99, 99, 99, 99, 101, 99, 99, 99, 99, 99, 113, 113, 99, 99, 99, 99, 99, 99, 102, 99, 99]
[17, 14, 20][99, 100, 99, 108, 99, 99, 99, 115, 99, 99, 99, 99, 115, 107, 99, 113, 99, 99, 99, 99, 99, 99, 109, 99, 99, 99, 99, 113, 99, 107, 114, 99]
[14, 15, 20][109, 100, 115, 102, 112, 99, 99, 100, 109, 99, 99, 99, 99, 99, 99, 101, 99, 99, 99, 99, 99, 113, 113, 99, 99, 99, 99, 99, 99, 102, 99, 99]
[15, 15, 20][115, 103, 119, 102, 106, 99, 117, 100, 108, 111, 104, 101, 99, 99, 99, 105, 99, 99, 119, 107, 99, 117, 119, 126, 99, 99, 99, 99, 105, 101, 99, 105]
[13, 16, 20][109, 100, 115, 102, 112, 99, 99, 100, 109, 99, 99, 99, 99, 99, 99, 101, 99, 99, 99, 99, 99, 113, 113, 99, 99, 99, 99, 99, 99, 102, 99, 99]
[17, 16, 20][109, 100, 115, 102, 112, 99, 99, 100, 109, 99, 99, 99, 99, 99, 99, 101, 99, 99, 99, 99, 99, 113, 113, 99, 99, 99, 99, 99, 99, 102, 99, 99]
[14, 17, 20][99, 99, 99, 109, 99, 99, 99, 113, 99, 99, 99, 99, 113, 103, 99, 118, 99, 99, 99, 100, 100, 99, 111, 99, 99, 104, 99, 115, 99, 102, 116, 99]
[18, 17, 20][99, 105, 99, 123, 99, 99, 104, 111, 99, 99, 99, 99, 118, 107, 109, 113, 106, 99, 99, 110, 99, 99, 106, 99, 110, 106, 102, 112, 99, 104, 114, 99]
[16, 18, 20][99, 100, 99, 108, 99, 99, 99, 115, 99, 99, 99, 99, 115, 107, 99, 113, 99, 99, 99, 99, 99, 99, 109, 99, 99, 99, 99, 113, 99, 107, 114, 99]
[22, 30, 20][99, 100, 99, 108, 99, 99, 99, 115, 99, 99, 99, 99, 115, 107, 99, 113, 99, 99, 99, 99, 99, 99, 109, 99, 99, 99, 99, 113, 99, 107, 114, 99]
[17, 12, 21][114, 102, 115, 102, 112, 104, 99, 100, 109, 100, 103, 99, 99, 99, 99, 101, 99, 99, 109, 99, 99, 116, 113, 110, 99, 99, 99, 99, 99, 104, 99, 99]
[18, 12, 21][133, 114, 117, 102, 121, 108, 99, 100, 116, 116, 121, 125, 99, 99, 99, 101, 103, 101, 109, 99, 99, 116, 114, 119, 100, 99, 99, 99, 114, 121, 99, 104]
[16, 14, 21][122, 101, 114, 99, 102, 110, 109, 101, 113, 101, 121, 118, 99, 99, 99, 99, 104, 111, 112, 99, 99, 117, 99, 117, 99, 99, 101, 99, 109, 110, 99, 104]
[17, 14, 21][99, 99, 116, 102, 102, 101, 102, 103, 123, 99, 99, 102, 99, 99, 100, 106, 99, 99, 99, 99, 99, 102, 101, 99, 99, 99, 99, 99, 101, 119, 103, 99]
[14, 15, 21][115, 101, 134, 99, 122, 99, 135, 106, 116, 106, 99, 112, 99, 99, 99, 105, 101, 119, 121, 133, 109, 110, 119, 121, 115, 99, 100, 99, 99, 103, 102, 125]
[16, 15, 21][99, 100, 99, 108, 99, 99, 99, 115, 99, 99, 99, 99, 115, 107, 99, 113, 99, 99, 99, 99, 99, 99, 109, 99, 99, 99, 99, 113, 99, 107, 114, 99]
[17, 15, 21][99, 105, 99, 108, 99, 99, 99, 106, 99, 110, 99, 99, 115, 105, 99, 117, 99, 99, 99, 99, 108, 99, 115, 99, 99, 105, 99, 117, 99, 109, 117, 99]
[13, 16, 21][115, 100, 122, 103, 128, 102, 99, 104, 116, 99, 99, 102, 99, 99, 103, 101, 99, 99, 99, 99, 99, 114, 114, 99, 99, 99, 99, 99, 100, 99, 99, 99]
[13, 17, 21][109, 100, 115, 102, 112, 99, 99, 100, 109, 99, 99, 99, 99, 99, 99, 101, 99, 99, 99, 99, 99, 113, 113, 99, 99, 99, 99, 99, 99, 102, 99, 99]
[14, 17, 21][99, 104, 99, 115, 99, 99, 99, 114, 99, 99, 99, 99, 115, 103, 105, 118, 99, 99, 99, 101, 100, 99, 111, 99, 103, 106, 99, 115, 99, 102, 116, 99]
[17, 17, 21][99, 106, 100, 106, 116, 99, 99, 101, 111, 99, 99, 101, 100, 99, 118, 101, 99, 99, 99, 99, 99, 99, 99, 99, 102, 112, 99, 99, 105, 103, 100, 99]
[18, 17, 21][99, 100, 99, 108, 99, 99, 99, 115, 99, 99, 99, 99, 115, 107, 99, 113, 99, 99, 99, 99, 99, 99, 109, 99, 99, 99, 99, 113, 99, 107, 114, 99]
[27, 17, 21][109, 100, 115, 102, 112, 99, 99, 100, 109, 99, 99, 99, 99, 99, 99, 101, 99, 99, 99, 99, 99, 113, 113, 99, 99, 99, 99, 99, 99, 102, 99, 99]
[17, 18, 21][99, 108, 99, 109, 100, 99, 99, 108, 104, 99, 106, 106, 108, 99, 113, 106, 100, 99, 99, 99, 99, 99, 99, 99, 115, 111, 104, 108, 117, 109, 106, 99]
[11, 20, 21][99, 100, 99, 108, 99, 99, 99, 115, 99, 99, 99, 99, 115, 107, 99, 113, 99, 99, 99, 99, 99, 99, 109, 99, 99, 99, 99, 113, 99, 107, 114, 99]
[13, 20, 21][99, 100, 99, 108, 99, 99, 99, 115, 99, 99, 99, 99, 115, 107, 99, 113, 99, 99, 99, 99, 99, 99, 109, 99, 99, 99, 99, 113, 99, 107, 114, 99]
[14, 20, 21][99, 100, 99, 108, 99, 99, 99, 115, 99, 99, 99, 99, 115, 107, 99, 113, 99, 99, 99, 99, 99, 99, 109, 99, 99, 99, 99, 113, 99, 107, 114, 99]
[13, 27, 21][99, 100, 99, 108, 99, 99, 99, 115, 99, 99, 99, 99, 115, 107, 99, 113, 99, 99, 99, 99, 99, 99, 109, 99, 99, 99, 99, 113, 99, 107, 114, 99]
[23, 2, 22][99, 100, 99, 108, 99, 99, 99, 115, 99, 99, 99, 99, 115, 107, 99, 113, 99, 99, 99, 99, 99, 99, 109, 99, 99, 99, 99, 113, 99, 107, 114, 99]
[18, 5, 22][99, 100, 99, 108, 99, 99, 99, 115, 99, 99, 99, 99, 115, 107, 99, 113, 99, 99, 99, 99, 99, 99, 109, 99, 99, 99, 99, 113, 99, 107, 114, 99]
[17, 12, 22][109, 100, 115, 102, 112, 99, 99, 100, 109, 99, 99, 99, 99, 99, 99, 101, 99, 99, 99, 99, 99, 113, 113, 99, 99, 99, 99, 99, 99, 102, 99, 99]
[16, 13, 22][109, 100, 115, 102, 112, 99, 99, 100, 109, 99, 99, 99, 99, 99, 99, 101, 99, 99, 99, 99, 99, 113, 113, 99, 99, 99, 99, 99, 99, 102, 99, 99]
[17, 13, 22][107, 99, 125, 102, 99, 99, 99, 102, 106, 99, 99, 104, 99, 99, 101, 99, 99, 111, 110, 115, 99, 114, 112, 107, 100, 99, 107, 99, 99, 100, 99, 107]
[15, 14, 22][118, 99, 122, 99, 115, 100, 115, 103, 108, 111, 99, 99, 99, 99, 99, 99, 99, 99, 121, 111, 101, 114, 106, 126, 99, 99, 99, 99, 99, 99, 99, 108]
[17, 14, 22][99, 100, 116, 103, 102, 101, 103, 119, 123, 99, 99, 102, 102, 99, 106, 110, 99, 99, 99, 99, 99, 102, 101, 99, 102, 99, 99, 105, 103, 119, 110, 99]
[14, 15, 22][109, 100, 115, 102, 112, 99, 99, 100, 109, 99, 99, 99, 99, 99, 99, 101, 99, 99, 99, 99, 99, 113, 113, 99, 99, 99, 99, 99, 99, 102, 99, 99]
[15, 15, 22][115, 103, 119, 102, 106, 99, 117, 100, 108, 111, 104, 101, 99, 99, 99, 105, 99, 99, 119, 107, 99, 117, 119, 126, 99, 99, 99, 99, 105, 101, 99, 105]
[16, 15, 22][99, 102, 99, 108, 99, 99, 126, 134, 99, 100, 99, 99, 115, 124, 109, 113, 103, 99, 99, 114, 104, 99, 109, 99, 99, 109, 99, 126, 99, 110, 115, 99]
[17, 15, 22][99, 102, 99, 107, 99, 99, 138, 125, 107, 116, 108, 102, 113, 100, 100, 111, 114, 99, 99, 128, 105, 99, 105, 99, 115, 102, 116, 128, 110, 120, 117, 105]
[12, 17, 22][99, 100, 99, 108, 99, 99, 99, 115, 99, 99, 99, 99, 115, 107, 99, 113, 99, 99, 99, 99, 99, 99, 109, 99, 99, 99, 99, 113, 99, 107, 114, 99]
[14, 17, 22][99, 100, 99, 108, 99, 99, 99, 115, 99, 99, 99, 99, 115, 107, 99, 113, 99, 99, 99, 99, 99, 99, 109, 99, 99, 99, 99, 113, 99, 107, 114, 99]
[15, 17, 22][99, 100, 101, 104, 99, 99, 99, 99, 99, 116, 99, 99, 104, 102, 99, 121, 113, 99, 99, 99, 99, 99, 109, 99, 99, 114, 99, 109, 99, 114, 113, 99]
[17, 17, 22][99, 99, 99, 102, 99, 99, 136, 127, 99, 103, 99, 99, 112, 109, 111, 112, 109, 99, 99, 132, 112, 99, 99, 99, 120, 111, 110, 126, 99, 105, 111, 103]
[18, 17, 22][99, 107, 99, 108, 99, 99, 125, 115, 104, 113, 99, 99, 115, 107, 111, 115, 112, 99, 99, 130, 115, 99, 109, 100, 120, 107, 105, 118, 121, 107, 114, 100]
[17, 18, 22][99, 100, 99, 108, 99, 99, 99, 115, 99, 99, 99, 99, 115, 107, 99, 113, 99, 99, 99, 99, 99, 99, 109, 99, 99, 99, 99, 113, 99, 107, 114, 99]
[13, 19, 22][99, 100, 99, 108, 99, 99, 99, 115, 99, 99, 99, 99, 115, 107, 99, 113, 99, 99, 99, 99, 99, 99, 109, 99, 99, 99, 99, 113, 99, 107, 114, 99]
[9, 21, 22][99, 100, 99, 108, 99, 99, 99, 115, 99, 99, 99, 99, 115, 107, 99, 113, 99, 99, 99, 99, 99, 99, 109, 99, 99, 99, 99, 113, 99, 107, 114, 99]
[20, 3, 23][109, 100, 115, 102, 112, 99, 99, 100, 109, 99, 99, 99, 99, 99, 99, 101, 99, 99, 99, 99, 99, 113, 113, 99, 99, 99, 99, 99, 99, 102, 99, 99]
[8, 6, 23][109, 100, 115, 102, 112, 99, 99, 100, 109, 99, 99, 99, 99, 99, 99, 101, 99, 99, 99, 99, 99, 113, 113, 99, 99, 99, 99, 99, 99, 102, 99, 99]
[8, 7, 23][109, 100, 115, 102, 112, 99, 99, 100, 109, 99, 99, 99, 99, 99, 99, 101, 99, 99, 99, 99, 99, 113, 113, 99, 99, 99, 99, 99, 99, 102, 99, 99]
[2, 8, 23][112, 99, 120, 104, 123, 99, 99, 104, 113, 99, 99, 106, 99, 99, 99, 99, 99, 99, 99, 99, 99, 113, 114, 99, 99, 99, 99, 99, 99, 99, 99, 99]
[18, 9, 23][109, 100, 115, 102, 112, 99, 99, 100, 109, 99, 99, 99, 99, 99, 99, 101, 99, 99, 99, 99, 99, 113, 113, 99, 99, 99, 99, 99, 99, 102, 99, 99]
[14, 11, 23][109, 100, 115, 102, 112, 99, 99, 100, 109, 99, 99, 99, 99, 99, 99, 101, 99, 99, 99, 99, 99, 113, 113, 99, 99, 99, 99, 99, 99, 102, 99, 99]
[19, 11, 23][109, 100, 115, 102, 112, 99, 99, 100, 109, 99, 99, 99, 99, 99, 99, 101, 99, 99, 99, 99, 99, 113, 113, 99, 99, 99, 99, 99, 99, 102, 99, 99]
[17, 12, 23][117, 100, 127, 102, 130, 99, 114, 115, 113, 99, 99, 115, 99, 99, 99, 101, 99, 103, 99, 116, 99, 113, 113, 99, 112, 99, 99, 99, 99, 102, 99, 108]
[19, 12, 23][109, 100, 115, 102, 112, 99, 99, 100, 109, 99, 99, 99, 99, 99, 99, 101, 99, 99, 99, 99, 99, 113, 113, 99, 99, 99, 99, 99, 99, 102, 99, 99]
[15, 13, 23][109, 100, 115, 102, 112, 99, 99, 100, 109, 99, 99, 99, 99, 99, 99, 101, 99, 99, 99, 99, 99, 113, 113, 99, 99, 99, 99, 99, 99, 102, 99, 99]
[15, 14, 23][116, 99, 117, 105, 103, 102, 105, 113, 113, 99, 99, 119, 106, 107, 113, 99, 99, 124, 116, 128, 99, 123, 107, 110, 115, 99, 119, 99, 100, 108, 99, 112]
[17, 14, 23][99, 100, 99, 103, 99, 99, 143, 128, 114, 111, 99, 99, 112, 102, 106, 111, 117, 99, 99, 140, 119, 99, 99, 99, 115, 103, 104, 128, 103, 115, 112, 106]
[16, 15, 23][99, 100, 99, 108, 99, 99, 99, 115, 99, 99, 99, 99, 115, 107, 99, 113, 99, 99, 99, 99, 99, 99, 109, 99, 99, 99, 99, 113, 99, 107, 114, 99]
[18, 15, 23][99, 100, 99, 108, 99, 99, 99, 115, 99, 99, 99, 99, 115, 107, 99, 113, 99, 99, 99, 99, 99, 99, 109, 99, 99, 99, 99, 113, 99, 107, 114, 99]
[13, 16, 23][109, 100, 115, 102, 112, 99, 99, 100, 109, 99, 99, 99, 99, 99, 99, 101, 99, 99, 99, 99, 99, 113, 113, 99, 99, 99, 99, 99, 99, 102, 99, 99]
[16, 16, 23][99, 100, 99, 108, 99, 99, 99, 115, 99, 99, 99, 99, 115, 107, 99, 113, 99, 99, 99, 99, 99, 99, 109, 99, 99, 99, 99, 113, 99, 107, 114, 99]
[17, 16, 23][109, 100, 115, 102, 112, 99, 99, 100, 109, 99, 99, 99, 99, 99, 99, 101, 99, 99, 99, 99, 99, 113, 113, 99, 99, 99, 99, 99, 99, 102, 99, 99]
[14, 17, 23][99, 100, 99, 108, 99, 99, 99, 115, 99, 99, 99, 99, 115, 107, 99, 113, 99, 99, 99, 99, 99, 99, 109, 99, 99, 99, 99, 113, 99, 107, 114, 99]
[17, 17, 23][99, 100, 99, 108, 99, 99, 99, 115, 99, 99, 99, 99, 115, 107, 99, 113, 99, 99, 99, 99, 99, 99, 109, 99, 99, 99, 99, 113, 99, 107, 114, 99]
[6, 18, 23][109, 100, 115, 102, 112, 99, 99, 100, 109, 99, 99, 99, 99, 99, 99, 101, 99, 99, 99, 99, 99, 113, 113, 99, 99, 99, 99, 99, 99, 102, 99, 99]
[21, 19, 23][109, 100, 115, 102, 112, 99, 99, 100, 109, 99, 99, 99, 99, 99, 99, 101, 99, 99, 99, 99, 99, 113, 113, 99, 99, 99, 99, 99, 99, 102, 99, 99]
[0, 29, 23][109, 100, 115, 102, 112, 99, 99, 100, 109, 99, 99, 99, 99, 99, 99, 101, 99, 99, 99, 99, 99, 113, 113, 99, 99, 99, 99, 99, 99, 102, 99, 99]
[7, 1, 24][109, 100, 115, 102, 112, 99, 99, 100, 109, 99, 99, 99, 99, 99, 99, 101, 99, 99, 99, 99, 99, 113, 113, 99, 99, 99, 99, 99, 99, 102, 99, 99]
[23, 2, 24][109, 100, 115, 102, 112, 99, 99, 100, 109, 99, 99, 99, 99, 99, 99, 101, 99, 99, 99, 99, 99, 113, 113, 99, 99, 99, 99, 99, 99, 102, 99, 99]
[4, 5, 24][109, 100, 115, 102, 112, 99, 99, 100, 109, 99, 99, 99, 99, 99, 99, 101, 99, 99, 99, 99, 99, 113, 113, 99, 99, 99, 99, 99, 99, 102, 99, 99]
[8, 6, 24][99, 100, 99, 108, 99, 99, 99, 115, 99, 99, 99, 99, 115, 107, 99, 113, 99, 99, 99, 99, 99, 99, 109, 99, 99, 99, 99, 113, 99, 107, 114, 99]
[1, 7, 24][109, 100, 115, 102, 112, 99, 99, 100, 109, 99, 99, 99, 99, 99, 99, 101, 99, 99, 99, 99, 99, 113, 113, 99, 99, 99, 99, 99, 99, 102, 99, 99]
[5, 7, 24][109, 100, 115, 102, 112, 99, 99, 100, 109, 99, 99, 99, 99, 99, 99, 101, 99, 99, 99, 99, 99, 113, 113, 99, 99, 99, 99, 99, 99, 102, 99, 99]
[21, 11, 24][109, 100, 115, 102, 112, 99, 99, 100, 109, 99, 99, 99, 99, 99, 99, 101, 99, 99, 99, 99, 99, 113, 113, 99, 99, 99, 99, 99, 99, 102, 99, 99]
[19, 12, 24][109, 100, 115, 102, 112, 99, 99, 100, 109, 99, 99, 99, 99, 99, 99, 101, 99, 99, 99, 99, 99, 113, 113, 99, 99, 99, 99, 99, 99, 102, 99, 99]
[17, 13, 24][109, 100, 115, 102, 112, 99, 99, 100, 109, 99, 99, 99, 99, 99, 99, 101, 99, 99, 99, 99, 99, 113, 113, 99, 99, 99, 99, 99, 99, 102, 99, 99]
[17, 14, 24][99, 99, 99, 99, 99, 99, 143, 128, 99, 110, 99, 99, 112, 99, 101, 117, 115, 99, 99, 140, 120, 99, 99, 101, 115, 99, 104, 124, 99, 99, 107, 101]
[19, 14, 24][109, 100, 115, 102, 112, 99, 99, 100, 109, 99, 99, 99, 99, 99, 99, 101, 99, 99, 99, 99, 99, 113, 113, 99, 99, 99, 99, 99, 99, 102, 99, 99]
[14, 15, 24][109, 100, 115, 102, 112, 99, 99, 100, 109, 99, 99, 99, 99, 99, 99, 101, 99, 99, 99, 99, 99, 113, 113, 99, 99, 99, 99, 99, 99, 102, 99, 99]
[16, 16, 24][99, 100, 99, 108, 99, 99, 99, 115, 99, 99, 99, 99, 115, 107, 99, 113, 99, 99, 99, 99, 99, 99, 109, 99, 99, 99, 99, 113, 99, 107, 114, 99]
[13, 17, 24][99, 100, 99, 108, 99, 99, 99, 115, 99, 99, 99, 99, 115, 107, 99, 113, 99, 99, 99, 99, 99, 99, 109, 99, 99, 99, 99, 113, 99, 107, 114, 99]
[14, 17, 24][99, 100, 99, 108, 99, 99, 99, 115, 99, 99, 99, 99, 115, 107, 99, 113, 99, 99, 99, 99, 99, 99, 109, 99, 99, 99, 99, 113, 99, 107, 114, 99]
[17, 17, 24][109, 100, 115, 102, 112, 99, 99, 100, 109, 99, 99, 99, 99, 99, 99, 101, 99, 99, 99, 99, 99, 113, 113, 99, 99, 99, 99, 99, 99, 102, 99, 99]
[18, 17, 24][99, 103, 99, 108, 99, 99, 103, 106, 99, 115, 99, 99, 115, 101, 99, 120, 104, 99, 99, 106, 111, 99, 115, 100, 100, 107, 99, 113, 99, 107, 117, 99]
[9, 21, 24][109, 100, 115, 102, 112, 99, 99, 100, 109, 99, 99, 99, 99, 99, 99, 101, 99, 99, 99, 99, 99, 113, 113, 99, 99, 99, 99, 99, 99, 102, 99, 99]
[23, 2, 25][109, 100, 115, 103, 112, 104, 118, 107, 117, 99, 99, 99, 99, 99, 99, 102, 99, 99, 99, 99, 99, 113, 113, 99, 99, 99, 99, 99, 99, 107, 99, 99]
[29, 3, 25][109, 100, 115, 102, 112, 99, 99, 100, 109, 99, 99, 99, 99, 99, 99, 101, 99, 99, 99, 99, 99, 113, 113, 99, 99, 99, 99, 99, 99, 102, 99, 99]
[14, 11, 25][99, 100, 99, 108, 99, 99, 99, 115, 99, 99, 99, 99, 115, 107, 99, 113, 99, 99, 99, 99, 99, 99, 109, 99, 99, 99, 99, 113, 99, 107, 114, 99]
[27, 11, 25][109, 100, 115, 102, 112, 99, 99, 100, 109, 99, 99, 99, 99, 99, 99, 101, 99, 99, 99, 99, 99, 113, 113, 99, 99, 99, 99, 99, 99, 102, 99, 99]
[14, 15, 25][116, 108, 124, 101, 110, 99, 99, 99, 123, 99, 99, 126, 99, 99, 110, 101, 99, 99, 99, 100, 99, 116, 107, 99, 106, 99, 99, 99, 112, 107, 99, 101]
[16, 15, 25][99, 100, 99, 108, 99, 99, 99, 115, 99, 99, 99, 99, 115, 107, 99, 113, 99, 99, 99, 99, 99, 99, 109, 99, 99, 99, 99, 113, 99, 107, 114, 99]
[16, 16, 25][99, 100, 99, 108, 99, 99, 99, 115, 99, 99, 99, 99, 115, 107, 99, 113, 99, 99, 99, 99, 99, 99, 109, 99, 99, 99, 99, 113, 99, 107, 114, 99]
[9, 17, 25][99, 100, 99, 108, 99, 99, 99, 115, 99, 99, 99, 99, 115, 107, 99, 113, 99, 99, 99, 99, 99, 99, 109, 99, 99, 99, 99, 113, 99, 107, 114, 99]
[17, 17, 25][99, 99, 99, 99, 99, 99, 99, 99, 99, 120, 99, 99, 108, 107, 99, 118, 106, 99, 99, 110, 114, 99, 103, 99, 99, 120, 99, 126, 99, 99, 113, 99]
[19, 13, 26][99, 100, 99, 108, 99, 99, 99, 115, 99, 99, 99, 99, 115, 107, 99, 113, 99, 99, 99, 99, 99, 99, 109, 99, 99, 99, 99, 113, 99, 107, 114, 99]
[17, 14, 26][99, 100, 99, 108, 99, 99, 99, 115, 99, 99, 99, 99, 115, 107, 99, 113, 99, 99, 99, 99, 99, 99, 109, 99, 99, 99, 99, 113, 99, 107, 114, 99]
[18, 14, 26][99, 100, 99, 108, 99, 99, 99, 115, 99, 99, 99, 99, 115, 107, 99, 113, 99, 99, 99, 99, 99, 99, 109, 99, 99, 99, 99, 113, 99, 107, 114, 99]
[16, 15, 26][99, 101, 99, 116, 99, 99, 109, 118, 99, 99, 99, 99, 115, 108, 111, 113, 103, 99, 99, 122, 99, 99, 104, 99, 126, 104, 99, 114, 100, 99, 118, 99]
[16, 16, 26][99, 102, 99, 119, 99, 99, 108, 120, 99, 99, 99, 99, 122, 105, 104, 113, 101, 99, 99, 113, 99, 100, 109, 99, 118, 101, 101, 114, 99, 112, 114, 99]
[13, 17, 26][99, 100, 99, 108, 99, 99, 99, 115, 99, 99, 99, 99, 115, 107, 99, 113, 99, 99, 99, 99, 99, 99, 109, 99, 99, 99, 99, 113, 99, 107, 114, 99]
[14, 17, 26][99, 100, 99, 108, 99, 99, 99, 115, 99, 99, 99, 99, 115, 107, 99, 113, 99, 99, 99, 99, 99, 99, 109, 99, 99, 99, 99, 113, 99, 107, 114, 99]
[14, 18, 26][99, 100, 99, 108, 99, 99, 99, 115, 99, 99, 99, 99, 115, 107, 99, 113, 99, 99, 99, 99, 99, 99, 109, 99, 99, 99, 99, 113, 99, 107, 114, 99]
[17, 18, 26][99, 100, 99, 108, 99, 99, 99, 115, 99, 99, 99, 99, 115, 107, 99, 113, 99, 99, 99, 99, 99, 99, 109, 99, 99, 99, 99, 113, 99, 107, 114, 99]
[17, 20, 26][99, 100, 99, 108, 99, 99, 99, 115, 99, 99, 99, 99, 115, 107, 99, 113, 99, 99, 99, 99, 99, 99, 109, 99, 99, 99, 99, 113, 99, 107, 114, 99]
[17, 12, 27][109, 100, 115, 102, 112, 99, 99, 100, 109, 99, 99, 99, 99, 99, 99, 101, 99, 99, 99, 99, 99, 113, 113, 99, 99, 99, 99, 99, 99, 102, 99, 99]
[16, 13, 27][109, 100, 115, 102, 112, 99, 99, 100, 109, 99, 99, 99, 99, 99, 99, 101, 99, 99, 99, 99, 99, 113, 113, 99, 99, 99, 99, 99, 99, 102, 99, 99]
[17, 14, 27][99, 100, 99, 108, 99, 99, 99, 115, 99, 99, 99, 99, 115, 107, 99, 113, 99, 99, 99, 99, 99, 99, 109, 99, 99, 99, 99, 113, 99, 107, 114, 99]
[18, 14, 27][99, 100, 99, 108, 99, 99, 99, 115, 99, 99, 99, 99, 115, 107, 99, 113, 99, 99, 99, 99, 99, 99, 109, 99, 99, 99, 99, 113, 99, 107, 114, 99]
[16, 15, 27][99, 101, 99, 116, 99, 99, 109, 118, 99, 106, 99, 99, 115, 99, 111, 113, 99, 99, 99, 122, 121, 99, 99, 99, 126, 108, 99, 117, 100, 99, 107, 99]
[15, 16, 27][99, 99, 99, 105, 99, 99, 145, 132, 99, 102, 99, 99, 115, 112, 113, 110, 115, 101, 99, 142, 118, 99, 99, 99, 114, 111, 114, 127, 99, 99, 111, 99]
[16, 16, 27][99, 99, 99, 105, 99, 99, 137, 123, 99, 118, 99, 99, 115, 99, 104, 116, 122, 99, 99, 144, 121, 99, 100, 99, 123, 107, 110, 127, 104, 99, 114, 107]
[13, 17, 27][99, 99, 99, 105, 107, 101, 117, 127, 100, 109, 99, 99, 108, 134, 129, 109, 103, 101, 99, 115, 114, 99, 104, 99, 101, 122, 113, 136, 99, 103, 115, 99]
[14, 17, 27][99, 99, 99, 99, 99, 99, 110, 118, 99, 126, 103, 99, 103, 116, 120, 107, 110, 99, 99, 117, 118, 99, 99, 101, 101, 118, 109, 136, 99, 99, 115, 104]
[15, 17, 27][99, 100, 99, 108, 99, 99, 99, 115, 99, 99, 99, 99, 115, 107, 99, 113, 99, 99, 99, 99, 99, 99, 109, 99, 99, 99, 99, 113, 99, 107, 114, 99]
[17, 17, 27][99, 100, 99, 108, 99, 99, 99, 115, 99, 99, 99, 99, 115, 107, 99, 113, 99, 99, 99, 99, 99, 99, 109, 99, 99, 99, 99, 113, 99, 107, 114, 99]
[7, 18, 27][99, 100, 99, 108, 99, 99, 99, 115, 99, 99, 99, 99, 115, 107, 99, 113, 99, 99, 99, 99, 99, 99, 109, 99, 99, 99, 99, 113, 99, 107, 114, 99]
[13, 18, 27][99, 100, 99, 108, 99, 99, 99, 115, 99, 99, 99, 99, 115, 107, 99, 113, 99, 99, 99, 99, 99, 99, 109, 99, 99, 99, 99, 113, 99, 107, 114, 99]
[15, 18, 27][99, 100, 99, 108, 99, 99, 99, 115, 99, 99, 99, 99, 115, 107, 99, 113, 99, 99, 99, 99, 99, 99, 109, 99, 99, 99, 99, 113, 99, 107, 114, 99]
[14, 19, 27][99, 110, 99, 118, 101, 99, 99, 115, 99, 99, 99, 99, 114, 110, 113, 113, 99, 99, 99, 99, 99, 99, 110, 99, 113, 112, 99, 113, 104, 102, 118, 99]
[9, 20, 27][99, 100, 99, 108, 99, 99, 99, 115, 99, 99, 99, 99, 115, 107, 99, 113, 99, 99, 99, 99, 99, 99, 109, 99, 99, 99, 99, 113, 99, 107, 114, 99]
[10, 20, 27][99, 100, 99, 108, 99, 99, 99, 115, 99, 99, 99, 99, 115, 107, 99, 113, 99, 99, 99, 99, 99, 99, 109, 99, 99, 99, 99, 113, 99, 107, 114, 99]
[14, 20, 27][99, 100, 99, 108, 99, 99, 99, 115, 99, 99, 99, 99, 115, 107, 99, 113, 99, 99, 99, 99, 99, 99, 109, 99, 99, 99, 99, 113, 99, 107, 114, 99]
[30, 24, 27][99, 100, 99, 108, 99, 99, 99, 115, 99, 99, 99, 99, 115, 107, 99, 113, 99, 99, 99, 99, 99, 99, 109, 99, 99, 99, 99, 113, 99, 107, 114, 99]
[29, 25, 27][99, 100, 99, 108, 99, 99, 99, 115, 99, 99, 99, 99, 115, 107, 99, 113, 99, 99, 99, 99, 99, 99, 109, 99, 99, 99, 99, 113, 99, 107, 114, 99]
[17, 12, 28][118, 100, 142, 102, 129, 117, 135, 100, 109, 136, 113, 115, 99, 113, 99, 101, 121, 144, 146, 165, 146, 113, 113, 158, 124, 99, 124, 99, 99, 102, 99, 154]
[18, 12, 28][116, 103, 130, 102, 121, 109, 117, 99, 108, 137, 119, 114, 99, 99, 99, 105, 115, 141, 138, 149, 147, 113, 119, 161, 121, 99, 120, 99, 110, 101, 99, 148]
[16, 13, 28][116, 100, 143, 102, 125, 104, 146, 107, 109, 140, 99, 119, 99, 102, 99, 101, 118, 146, 154, 162, 143, 113, 113, 159, 126, 99, 130, 99, 99, 102, 99, 162]
[17, 13, 28][115, 102, 135, 105, 113, 107, 137, 104, 102, 136, 114, 120, 105, 99, 99, 101, 118, 150, 145, 165, 147, 116, 112, 158, 127, 99, 140, 99, 106, 107, 99, 153]
[19, 13, 28][99, 100, 99, 108, 99, 99, 99, 115, 99, 99, 99, 99, 115, 107, 99, 113, 99, 99, 99, 99, 99, 99, 109, 99, 99, 99, 99, 113, 99, 107, 114, 99]
[15, 14, 28][116, 99, 144, 99, 127, 102, 156, 113, 118, 126, 100, 125, 99, 104, 99, 99, 112, 147, 158, 177, 143, 101, 99, 150, 144, 99, 142, 99, 103, 99, 99, 166]
[16, 14, 28][114, 102, 136, 105, 109, 99, 148, 112, 102, 139, 107, 122, 105, 99, 99, 101, 116, 152, 152, 161, 144, 116, 112, 159, 129, 99, 145, 99, 101, 107, 99, 161]
[17, 14, 28][99, 100, 99, 108, 107, 99, 99, 122, 108, 99, 99, 100, 115, 107, 104, 113, 99, 99, 99, 99, 99, 99, 109, 99, 110, 99, 99, 113, 106, 112, 114, 99]
[18, 14, 28][99, 100, 99, 108, 99, 99, 99, 115, 99, 99, 99, 99, 115, 107, 99, 113, 99, 99, 99, 99, 99, 99, 109, 99, 99, 99, 99, 113, 99, 107, 114, 99]
[14, 15, 28][110, 99, 145, 99, 124, 106, 150, 122, 146, 122, 103, 134, 99, 119, 106, 99, 132, 156, 162, 174, 139, 101, 99, 141, 146, 99, 162, 99, 115, 99, 99, 156]
[15, 15, 28][108, 99, 137, 99, 111, 99, 143, 113, 111, 125, 109, 130, 99, 101, 99, 99, 109, 152, 157, 176, 143, 100, 99, 150, 146, 99, 158, 99, 110, 99, 99, 164]
[16, 15, 28][99, 99, 99, 106, 99, 99, 132, 111, 99, 115, 99, 99, 110, 99, 105, 116, 124, 99, 99, 136, 121, 99, 99, 99, 125, 112, 100, 124, 99, 99, 111, 104]
[17, 15, 28][120, 100, 127, 102, 161, 104, 99, 110, 121, 99, 99, 141, 99, 99, 123, 99, 99, 101, 99, 114, 99, 101, 99, 99, 159, 99, 99, 99, 134, 99, 99, 135]
[18, 15, 28][99, 99, 99, 113, 99, 99, 109, 122, 99, 99, 99, 99, 118, 110, 104, 112, 99, 99, 99, 105, 99, 99, 105, 99, 99, 99, 99, 120, 99, 103, 115, 99]
[13, 16, 28][116, 99, 139, 99, 129, 105, 150, 136, 140, 106, 99, 138, 99, 103, 123, 99, 123, 158, 162, 171, 136, 101, 99, 121, 148, 99, 161, 99, 115, 119, 99, 146]
[15, 16, 28][99, 100, 99, 108, 99, 99, 99, 115, 99, 99, 99, 99, 115, 107, 99, 113, 99, 99, 99, 99, 99, 99, 109, 99, 99, 99, 99, 113, 99, 107, 114, 99]
[16, 16, 28][99, 106, 99, 115, 99, 99, 109, 115, 99, 107, 99, 99, 117, 99, 102, 116, 103, 99, 99, 132, 119, 99, 105, 99, 134, 111, 116, 118, 113, 99, 107, 99]
[17, 16, 28][118, 102, 125, 105, 145, 101, 99, 114, 114, 99, 100, 146, 99, 99, 117, 99, 102, 107, 100, 124, 99, 104, 99, 99, 161, 99, 113, 99, 141, 99, 99, 134]
[13, 17, 28][114, 99, 132, 99, 113, 101, 143, 115, 132, 105, 99, 143, 99, 99, 117, 99, 121, 159, 138, 150, 121, 99, 99, 105, 148, 99, 145, 99, 122, 124, 99, 144]
[14, 17, 28][113, 107, 136, 99, 107, 105, 102, 99, 128, 139, 131, 143, 102, 114, 110, 107, 139, 121, 99, 120, 112, 99, 99, 99, 140, 125, 109, 136, 133, 123, 107, 139]
[17, 17, 28][105, 99, 118, 105, 130, 99, 99, 100, 107, 99, 99, 143, 99, 99, 110, 99, 100, 108, 99, 123, 99, 99, 99, 99, 163, 99, 129, 99, 148, 99, 99, 133]
[18, 17, 28][99, 103, 99, 108, 99, 99, 103, 106, 99, 115, 99, 99, 115, 101, 99, 120, 104, 99, 99, 106, 111, 99, 115, 100, 100, 107, 99, 113, 99, 107, 117, 99]
[12, 18, 28][99, 109, 99, 120, 99, 99, 105, 125, 99, 99, 99, 99, 115, 125, 119, 110, 104, 99, 99, 114, 99, 99, 103, 99, 114, 102, 104, 113, 99, 108, 117, 99]
[16, 18, 28][99, 100, 99, 108, 99, 99, 99, 115, 99, 99, 99, 99, 115, 107, 99, 113, 99, 99, 99, 99, 99, 99, 109, 99, 99, 99, 99, 113, 99, 107, 114, 99]
[14, 19, 28][99, 100, 99, 108, 99, 99, 99, 115, 99, 99, 99, 99, 115, 107, 99, 113, 99, 99, 99, 99, 99, 99, 109, 99, 99, 99, 99, 113, 99, 107, 114, 99]
[16, 23, 28][99, 100, 99, 108, 99, 99, 99, 115, 99, 99, 99, 99, 115, 107, 99, 113, 99, 99, 99, 99, 99, 99, 109, 99, 99, 99, 99, 113, 99, 107, 114, 99]
[17, 24, 28][99, 100, 99, 108, 99, 99, 99, 115, 99, 99, 99, 99, 115, 107, 99, 113, 99, 99, 99, 99, 99, 99, 109, 99, 99, 99, 99, 113, 99, 107, 114, 99]
[17, 12, 29][118, 99, 136, 99, 127, 133, 166, 111, 128, 128, 136, 115, 99, 115, 99, 99, 129, 153, 148, 147, 144, 106, 99, 153, 121, 99, 124, 102, 99, 113, 99, 144]
[18, 12, 29][116, 99, 130, 99, 121, 126, 159, 102, 127, 144, 143, 114, 99, 99, 99, 99, 136, 150, 138, 149, 147, 105, 99, 161, 121, 99, 120, 102, 110, 112, 99, 149]
[16, 13, 29][116, 99, 137, 99, 119, 114, 146, 112, 110, 120, 107, 120, 99, 116, 99, 99, 113, 155, 152, 166, 143, 102, 99, 149, 127, 99, 143, 99, 99, 99, 99, 146]
[17, 13, 29][115, 99, 130, 99, 111, 123, 158, 115, 121, 123, 138, 121, 99, 108, 99, 99, 123, 159, 146, 169, 144, 102, 99, 152, 127, 99, 140, 99, 106, 99, 99, 155]
[18, 13, 29][104, 99, 110, 99, 103, 122, 161, 99, 137, 143, 152, 125, 99, 103, 99, 103, 159, 148, 136, 105, 119, 99, 99, 138, 99, 111, 124, 102, 110, 117, 99, 134]
[19, 13, 29][99, 100, 99, 108, 99, 99, 99, 115, 99, 99, 99, 99, 115, 107, 99, 113, 99, 99, 99, 99, 99, 99, 109, 99, 99, 99, 99, 113, 99, 107, 114, 99]
[15, 14, 29][116, 99, 147, 99, 126, 104, 156, 125, 120, 127, 100, 128, 99, 119, 99, 99, 115, 164, 162, 184, 144, 101, 99, 150, 145, 99, 152, 99, 103, 99, 99, 167]
[16, 14, 29][114, 99, 135, 99, 108, 99, 148, 116, 103, 143, 106, 125, 99, 100, 99, 99, 121, 161, 157, 169, 146, 101, 99, 159, 129, 99, 148, 99, 101, 99, 99, 163]
[17, 14, 29][99, 99, 114, 103, 115, 102, 99, 122, 121, 99, 99, 108, 104, 99, 104, 108, 99, 99, 99, 99, 99, 99, 99, 99, 110, 99, 99, 105, 112, 117, 107, 99]
[18, 14, 29][99, 102, 99, 116, 100, 99, 107, 129, 99, 99, 99, 99, 123, 122, 118, 114, 103, 99, 99, 122, 110, 101, 105, 99, 128, 109, 105, 120, 99, 113, 121, 99]
[13, 15, 29][113, 99, 133, 99, 123, 107, 151, 132, 122, 99, 99, 134, 99, 105, 105, 99, 99, 159, 161, 179, 137, 101, 99, 124, 146, 99, 147, 99, 99, 99, 99, 150]
[14, 15, 29][112, 99, 137, 99, 118, 106, 153, 123, 121, 110, 103, 135, 99, 120, 99, 99, 106, 164, 167, 181, 141, 101, 99, 141, 147, 99, 172, 99, 106, 99, 99, 158]
[15, 15, 29][110, 99, 140, 99, 110, 99, 145, 110, 113, 127, 108, 133, 99, 102, 99, 99, 112, 161, 161, 184, 145, 100, 99, 150, 147, 99, 168, 99, 110, 99, 99, 166]
[16, 15, 29][99, 109, 99, 119, 99, 99, 107, 111, 99, 107, 99, 99, 111, 99, 114, 116, 106, 99, 99, 132, 118, 99, 105, 99, 137, 114, 100, 118, 113, 99, 111, 100]
[17, 15, 29][120, 113, 121, 107, 138, 103, 99, 114, 121, 99, 99, 149, 103, 99, 117, 104, 99, 101, 99, 111, 99, 104, 99, 99, 157, 99, 99, 99, 147, 123, 99, 133]
[18, 15, 29][99, 99, 99, 113, 99, 99, 109, 126, 99, 99, 99, 99, 118, 110, 105, 114, 101, 99, 99, 107, 99, 99, 105, 99, 99, 100, 99, 120, 99, 103, 117, 99]
[13, 16, 29][111, 99, 134, 99, 114, 105, 153, 137, 140, 106, 99, 139, 99, 101, 109, 99, 123, 164, 159, 178, 138, 104, 99, 124, 148, 99, 163, 99, 111, 99, 99, 148]
[15, 16, 29][99, 108, 99, 122, 99, 99, 120, 117, 99, 99, 99, 99, 118, 112, 118, 113, 107, 99, 99, 139, 103, 99, 109, 99, 142, 117, 119, 115, 109, 107, 114, 109]
[17, 16, 29][106, 99, 127, 102, 145, 114, 126, 125, 134, 101, 99, 139, 99, 99, 142, 99, 126, 122, 102, 124, 99, 99, 99, 99, 161, 99, 113, 99, 141, 112, 99, 136]
[18, 16, 29][99, 100, 99, 108, 99, 99, 99, 115, 99, 99, 99, 99, 115, 107, 99, 113, 99, 99, 99, 99, 99, 99, 109, 99, 99, 99, 99, 113, 99, 107, 114, 99]
[13, 17, 29][114, 100, 132, 99, 113, 103, 110, 99, 129, 118, 107, 141, 103, 134, 132, 104, 122, 124, 101, 118, 116, 99, 99, 99, 139, 139, 112, 135, 122, 124, 107, 130]
[14, 17, 29][99, 103, 99, 99, 99, 99, 101, 99, 114, 134, 114, 104, 103, 116, 123, 108, 128, 106, 99, 113, 120, 99, 99, 104, 117, 135, 104, 135, 111, 99, 110, 119]
[17, 17, 29][105, 99, 121, 108, 128, 110, 128, 129, 127, 101, 108, 144, 115, 125, 136, 110, 124, 128, 101, 123, 99, 99, 103, 99, 150, 102, 118, 113, 137, 117, 112, 135]
[18, 17, 29][99, 100, 99, 108, 99, 99, 99, 115, 99, 99, 99, 99, 115, 107, 99, 113, 99, 99, 99, 99, 99, 99, 109, 99, 99, 99, 99, 113, 99, 107, 114, 99]
[1, 3, 30][99, 100, 99, 108, 99, 99, 99, 115, 99, 99, 99, 99, 115, 107, 99, 113, 99, 99, 99, 99, 99, 99, 109, 99, 99, 99, 99, 113, 99, 107, 114, 99]
[17, 12, 30][115, 99, 137, 99, 130, 127, 161, 111, 128, 137, 138, 122, 99, 111, 99, 99, 131, 153, 148, 170, 143, 99, 99, 144, 125, 99, 117, 102, 99, 102, 99, 156]
[18, 12, 30][109, 99, 125, 99, 124, 119, 153, 102, 127, 154, 145, 124, 99, 99, 99, 99, 137, 150, 129, 142, 137, 99, 99, 150, 112, 99, 107, 102, 109, 101, 99, 160]
[16, 13, 30][123, 99, 143, 99, 129, 108, 143, 112, 120, 142, 117, 121, 99, 104, 99, 99, 125, 155, 149, 166, 140, 105, 99, 166, 130, 99, 132, 99, 108, 99, 99, 156]
[17, 13, 30][117, 99, 143, 99, 114, 114, 153, 103, 110, 140, 138, 128, 99, 99, 99, 99, 128, 156, 146, 169, 143, 105, 99, 148, 130, 99, 133, 99, 107, 99, 99, 161]
[15, 14, 30][123, 99, 132, 99, 119, 113, 153, 106, 120, 127, 119, 124, 99, 105, 99, 99, 120, 155, 162, 166, 143, 107, 99, 157, 125, 99, 152, 99, 105, 99, 99, 154]
[16, 14, 30][122, 99, 136, 99, 113, 104, 146, 103, 113, 142, 125, 126, 99, 99, 99, 99, 122, 150, 148, 160, 138, 106, 99, 166, 132, 99, 147, 99, 115, 99, 99, 154]
[17, 14, 30][99, 101, 114, 103, 115, 102, 99, 126, 121, 99, 100, 108, 101, 99, 104, 106, 99, 99, 99, 99, 99, 99, 99, 99, 108, 99, 99, 104, 112, 117, 106, 99]
[18, 14, 30][99, 100, 99, 108, 99, 99, 99, 115, 99, 99, 99, 99, 115, 107, 99, 113, 99, 99, 99, 99, 99, 99, 109, 99, 99, 99, 99, 113, 99, 107, 114, 99]
[14, 15, 30][124, 99, 136, 99, 116, 116, 143, 119, 114, 109, 121, 132, 99, 104, 99, 99, 111, 155, 157, 181, 141, 110, 99, 148, 147, 99, 143, 99, 102, 99, 99, 157]
[15, 15, 30][120, 99, 140, 99, 110, 109, 139, 110, 113, 125, 125, 133, 99, 99, 99, 99, 117, 152, 149, 184, 145, 107, 99, 151, 147, 99, 140, 99, 112, 99, 99, 166]
[16, 15, 30][121, 110, 123, 121, 116, 104, 119, 114, 124, 112, 99, 130, 112, 104, 123, 112, 116, 114, 120, 146, 132, 118, 104, 109, 156, 114, 125, 126, 133, 103, 117, 121]
[17, 15, 30][119, 113, 127, 107, 125, 103, 99, 114, 123, 99, 99, 149, 99, 99, 117, 99, 99, 111, 99, 114, 99, 117, 103, 99, 157, 99, 106, 99, 147, 103, 99, 123]
[18, 15, 30][99, 104, 99, 119, 99, 99, 109, 126, 99, 99, 99, 99, 120, 107, 113, 114, 101, 99, 99, 121, 111, 99, 105, 99, 133, 116, 121, 120, 109, 99, 117, 99]
[13, 16, 30][111, 99, 132, 99, 141, 103, 153, 137, 132, 107, 99, 139, 99, 101, 140, 99, 126, 164, 159, 178, 138, 104, 99, 124, 148, 99, 163, 99, 107, 99, 99, 150]
[15, 16, 30][99, 109, 99, 124, 99, 99, 129, 120, 99, 99, 99, 99, 119, 118, 121, 106, 107, 99, 99, 139, 103, 99, 99, 99, 142, 113, 126, 126, 99, 99, 110, 111]
[16, 16, 30][99, 112, 99, 124, 99, 99, 99, 111, 99, 99, 99, 99, 119, 100, 112, 112, 99, 99, 99, 115, 99, 99, 103, 99, 139, 113, 108, 111, 120, 99, 110, 102]
[17, 16, 30][118, 112, 121, 104, 104, 99, 99, 104, 118, 99, 99, 136, 99, 99, 113, 99, 99, 116, 99, 114, 99, 120, 106, 99, 116, 99, 122, 99, 120, 108, 99, 107]
[13, 17, 30][99, 99, 126, 108, 125, 99, 152, 125, 125, 107, 107, 142, 115, 125, 134, 110, 123, 165, 138, 162, 126, 99, 103, 106, 148, 102, 161, 113, 114, 108, 112, 149]
[14, 17, 30][99, 100, 99, 108, 99, 99, 99, 115, 99, 99, 99, 99, 115, 107, 99, 113, 99, 99, 99, 99, 99, 99, 109, 99, 99, 99, 99, 113, 99, 107, 114, 99]
[15, 17, 30][99, 100, 99, 108, 99, 99, 99, 115, 99, 99, 99, 99, 115, 107, 99, 113, 99, 99, 99, 99, 99, 99, 109, 99, 99, 99, 99, 113, 99, 107, 114, 99]
[16, 18, 30][99, 100, 99, 108, 99, 99, 99, 115, 99, 99, 99, 99, 115, 107, 99, 113, 99, 99, 99, 99, 99, 99, 109, 99, 99, 99, 99, 113, 99, 107, 114, 99]
[3, 10, 31][99, 100, 99, 108, 99, 99, 99, 115, 99, 99, 99, 99, 115, 107, 99, 113, 99, 99, 99, 99, 99, 99, 109, 99, 99, 99, 99, 113, 99, 107, 114, 99]
[17, 12, 31][124, 99, 139, 99, 126, 103, 117, 102, 105, 123, 99, 120, 99, 99, 99, 99, 100, 133, 143, 143, 129, 110, 99, 141, 122, 99, 106, 99, 99, 99, 99, 148]
[18, 12, 31][109, 99, 114, 99, 111, 118, 157, 99, 121, 143, 147, 118, 99, 114, 99, 99, 140, 133, 122, 112, 118, 99, 99, 132, 99, 115, 99, 122, 104, 101, 102, 135]
[16, 13, 31][109, 100, 115, 102, 112, 99, 99, 100, 109, 99, 99, 99, 99, 99, 99, 101, 99, 99, 99, 99, 99, 113, 113, 99, 99, 99, 99, 99, 99, 102, 99, 99]
[18, 13, 31][107, 99, 107, 99, 99, 114, 159, 100, 114, 142, 153, 123, 99, 110, 99, 99, 138, 139, 121, 111, 118, 99, 99, 132, 99, 107, 108, 120, 111, 106, 99, 133]
[17, 14, 31][99, 99, 116, 102, 102, 101, 102, 103, 123, 99, 99, 102, 99, 99, 100, 106, 99, 99, 99, 99, 99, 102, 101, 99, 99, 99, 99, 99, 101, 119, 103, 99]
[18, 14, 31][99, 100, 99, 108, 99, 99, 99, 115, 99, 99, 99, 99, 115, 107, 99, 113, 99, 99, 99, 99, 99, 99, 109, 99, 99, 99, 99, 113, 99, 107, 114, 99]
[15, 15, 31][109, 100, 115, 102, 112, 99, 99, 100, 109, 99, 99, 99, 99, 99, 99, 101, 99, 99, 99, 99, 99, 113, 113, 99, 99, 99, 99, 99, 99, 102, 99, 99]
[16, 15, 31][99, 100, 99, 108, 99, 99, 99, 115, 99, 99, 99, 99, 115, 107, 99, 113, 99, 99, 99, 99, 99, 99, 109, 99, 99, 99, 99, 113, 99, 107, 114, 99]
[17, 15, 31][110, 101, 120, 105, 99, 99, 104, 107, 121, 99, 100, 125, 105, 99, 112, 106, 100, 117, 99, 116, 99, 109, 100, 99, 116, 99, 104, 99, 115, 124, 99, 109]
[18, 15, 31][99, 100, 99, 108, 99, 99, 99, 115, 99, 99, 99, 99, 115, 107, 99, 113, 99, 99, 99, 99, 99, 99, 109, 99, 99, 99, 99, 113, 99, 107, 114, 99]
[13, 16, 31][118, 99, 132, 99, 141, 119, 153, 130, 132, 111, 110, 137, 99, 117, 140, 99, 126, 164, 152, 163, 139, 110, 99, 132, 146, 99, 145, 99, 116, 99, 99, 150]
[15, 16, 31][99, 99, 99, 110, 99, 99, 129, 120, 99, 99, 99, 99, 113, 102, 121, 112, 106, 99, 99, 139, 105, 99, 99, 99, 125, 119, 126, 126, 100, 99, 110, 111]
[17, 16, 31][121, 112, 124, 102, 120, 99, 99, 100, 118, 99, 99, 130, 99, 99, 113, 99, 99, 104, 99, 101, 99, 117, 106, 99, 112, 99, 102, 99, 120, 108, 99, 106]
[14, 17, 31][99, 102, 99, 108, 99, 99, 105, 125, 99, 102, 99, 99, 115, 130, 124, 110, 99, 99, 99, 103, 99, 99, 103, 99, 100, 112, 106, 126, 99, 108, 114, 99]
[17, 17, 31][99, 102, 99, 108, 99, 99, 99, 116, 99, 99, 99, 99, 114, 115, 109, 112, 99, 99, 99, 99, 99, 99, 106, 99, 99, 105, 99, 118, 99, 101, 115, 99]
[13, 19, 31][99, 100, 99, 108, 99, 99, 99, 115, 99, 99, 99, 99, 115, 107, 99, 113, 99, 99, 99, 99, 99, 99, 109, 99, 99, 99, 99, 113, 99, 107, 114, 99]
