[8, 2, 0][97, 97, 101, 97, 108, 100, 97, 111, 97, 99, 97, 97, 107, 116, 97, 97, 108, 97, 97, 101, 97, 97, 97, 97, 97, 97, 120, 97, 104, 97, 97, 108]
[19, 12, 0][97, 104, 105, 104, 97, 108, 111, 97, 97, 97, 97, 97, 97, 101, 97, 97, 102, 99, 107, 109, 97, 97, 114, 106, 102, 105, 97, 103, 97, 100, 97, 97]
[17, 13, 0][97, 104, 105, 104, 97, 108, 111, 97, 97, 97, 97, 97, 97, 101, 97, 97, 102, 99, 107, 109, 97, 97, 114, 106, 102, 105, 97, 103, 97, 100, 97, 97]
[18, 13, 0][97, 104, 105, 104, 97, 108, 111, 97, 97, 97, 97, 97, 97, 101, 97, 97, 102, 99, 107, 109, 97, 97, 114, 106, 102, 105, 97, 103, 97, 100, 97, 97]
[19, 13, 0][97, 110, 98, 108, 97, 118, 114, 102, 100, 101, 121, 97, 97, 101, 97, 97, 97, 149, 129, 109, 109, 97, 113, 113, 97, 117, 97, 107, 102, 138, 97, 100]
[17, 14, 0][97, 97, 101, 97, 108, 100, 97, 111, 97, 99, 97, 97, 107, 116, 97, 97, 108, 97, 97, 101, 97, 97, 97, 97, 97, 97, 120, 97, 104, 97, 97, 108]
[18, 14, 0][97, 104, 105, 104, 97, 108, 111, 97, 97, 97, 97, 97, 97, 101, 97, 97, 102, 99, 107, 109, 97, 97, 114, 106, 102, 105, 97, 103, 97, 100, 97, 97]
[17, 15, 0][106, 97, 112, 97, 120, 114, 97, 129, 139, 116, 119, 97, 97, 116, 114, 97, 97, 97, 97, 111, 97, 105, 97, 112, 97, 115, 122, 109, 125, 110, 106, 115]
[13, 16, 0][97, 97, 100, 97, 123, 107, 99, 111, 116, 145, 97, 97, 98, 117, 102, 97, 105, 97, 104, 115, 97, 101, 97, 97, 97, 107, 123, 102, 121, 97, 120, 109]
[14, 16, 0][97, 97, 101, 97, 108, 100, 97, 111, 97, 99, 97, 97, 107, 116, 97, 97, 108, 97, 97, 101, 97, 97, 97, 97, 97, 97, 120, 97, 104, 97, 97, 108]
[16, 16, 0][97, 97, 101, 97, 108, 100, 97, 111, 97, 99, 97, 97, 107, 116, 97, 97, 108, 97, 97, 101, 97, 97, 97, 97, 97, 97, 120, 97, 104, 97, 97, 108]
[17, 16, 0][108, 97, 101, 97, 117, 111, 97, 130, 125, 107, 120, 97, 98, 116, 110, 97, 97, 98, 97, 101, 97, 103, 97, 97, 97, 97, 123, 100, 116, 129, 99, 123]
[18, 16, 0][97, 104, 105, 104, 97, 108, 111, 97, 97, 97, 97, 97, 97, 101, 97, 97, 102, 99, 107, 109, 97, 97, 114, 106, 102, 105, 97, 103, 97, 100, 97, 97]
[13, 17, 0][97, 97, 103, 97, 115, 105, 97, 113, 102, 97, 97, 97, 104, 113, 101, 97, 98, 97, 97, 97, 97, 97, 97, 97, 97, 97, 124, 97, 112, 97, 97, 112]
[17, 17, 0][97, 97, 101, 97, 108, 100, 97, 111, 97, 99, 97, 97, 107, 116, 97, 97, 108, 97, 97, 101, 97, 97, 97, 97, 97, 97, 120, 97, 104, 97, 97, 108]
[13, 18, 0][105, 97, 107, 105, 128, 102, 97, 116, 126, 109, 127, 104, 117, 116, 118, 99, 123, 111, 109, 101, 99, 116, 97, 97, 117, 97, 125, 104, 102, 110, 128, 125]
[14, 18, 0][97, 97, 101, 97, 108, 100, 97, 111, 97, 99, 97, 97, 107, 116, 97, 97, 108, 97, 97, 101, 97, 97, 97, 97, 97, 97, 120, 97, 104, 97, 97, 108]
[17, 18, 0][97, 97, 101, 97, 108, 100, 97, 111, 97, 99, 97, 97, 107, 116, 97, 97, 108, 97, 97, 101, 97, 97, 97, 97, 97, 97, 120, 97, 104, 97, 97, 108]
[18, 12, 1][97, 121, 111, 115, 97, 111, 110, 97, 97, 97, 97, 103, 114, 101, 97, 105, 118, 145, 106, 109, 101, 97, 115, 132, 131, 114, 97, 100, 97, 103, 102, 97]
[17, 13, 1][97, 104, 105, 104, 97, 108, 111, 97, 97, 97, 97, 97, 97, 101, 97, 97, 102, 99, 107, 109, 97, 97, 114, 106, 102, 105, 97, 103, 97, 100, 97, 97]
[17, 14, 1][97, 97, 101, 97, 108, 100, 97, 111, 97, 99, 97, 97, 107, 116, 97, 97, 108, 97, 97, 101, 97, 97, 97, 97, 97, 97, 120, 97, 104, 97, 97, 108]
[20, 14, 1][97, 104, 105, 104, 97, 108, 111, 97, 97, 97, 97, 97, 97, 101, 97, 97, 102, 99, 107, 109, 97, 97, 114, 106, 102, 105, 97, 103, 97, 100, 97, 97]
[18, 15, 1][98, 109, 107, 105, 97, 100, 117, 97, 97, 112, 97, 97, 97, 100, 97, 106, 99, 97, 107, 125, 107, 97, 111, 119, 98, 144, 97, 97, 97, 97, 97, 97]
[13, 16, 1][97, 97, 101, 97, 108, 100, 97, 111, 97, 99, 97, 97, 107, 116, 97, 97, 108, 97, 97, 101, 97, 97, 97, 97, 97, 97, 120, 97, 104, 97, 97, 108]
[17, 16, 1][108, 97, 101, 97, 117, 111, 97, 107, 127, 162, 120, 97, 97, 99, 110, 97, 97, 116, 112, 97, 111, 103, 97, 97, 97, 121, 123, 100, 116, 114, 125, 130]
[13, 17, 1][121, 97, 104, 109, 136, 109, 97, 129, 139, 118, 127, 113, 104, 113, 127, 97, 103, 105, 111, 105, 97, 130, 97, 99, 97, 100, 124, 113, 124, 112, 136, 117]
[13, 18, 1][123, 97, 107, 97, 133, 106, 97, 132, 108, 129, 112, 117, 105, 108, 131, 97, 97, 104, 97, 97, 102, 147, 97, 97, 100, 97, 122, 97, 114, 115, 107, 118]
[17, 18, 1][97, 97, 101, 97, 108, 100, 97, 111, 97, 99, 97, 97, 107, 116, 97, 97, 108, 97, 97, 101, 97, 97, 97, 97, 97, 97, 120, 97, 104, 97, 97, 108]
[15, 19, 1][97, 97, 101, 97, 108, 100, 97, 111, 97, 99, 97, 97, 107, 116, 97, 97, 108, 97, 97, 101, 97, 97, 97, 97, 97, 97, 120, 97, 104, 97, 97, 108]
[16, 19, 1][97, 97, 101, 97, 108, 100, 97, 111, 97, 99, 97, 97, 107, 116, 97, 97, 108, 97, 97, 101, 97, 97, 97, 97, 97, 97, 120, 97, 104, 97, 97, 108]
[6, 7, 2][97, 97, 101, 97, 108, 100, 97, 111, 97, 99, 97, 97, 107, 116, 97, 97, 108, 97, 97, 101, 97, 97, 97, 97, 97, 97, 120, 97, 104, 97, 97, 108]
[18, 12, 2][97, 104, 105, 104, 97, 108, 111, 97, 97, 97, 97, 97, 97, 101, 97, 97, 102, 99, 107, 109, 97, 97, 114, 106, 102, 105, 97, 103, 97, 100, 97, 97]
[17, 13, 2][97, 124, 115, 123, 97, 108, 111, 97, 97, 97, 97, 127, 114, 101, 97, 111, 111, 105, 105, 97, 102, 102, 115, 123, 140, 97, 97, 125, 97, 99, 101, 97]
[19, 13, 2][97, 104, 105, 104, 97, 108, 111, 97, 97, 97, 97, 97, 97, 101, 97, 97, 102, 99, 107, 109, 97, 97, 114, 106, 102, 105, 97, 103, 97, 100, 97, 97]
[18, 14, 2][97, 121, 115, 110, 97, 108, 111, 97, 97, 97, 97, 107, 114, 101, 97, 105, 111, 145, 104, 97, 101, 97, 115, 132, 140, 114, 97, 97, 97, 103, 97, 97]
[14, 16, 2][97, 104, 105, 104, 97, 108, 111, 97, 97, 97, 97, 97, 97, 101, 97, 97, 102, 99, 107, 109, 97, 97, 114, 106, 102, 105, 97, 103, 97, 100, 97, 97]
[17, 16, 2][107, 97, 97, 97, 134, 97, 97, 116, 127, 162, 113, 109, 100, 99, 118, 97, 97, 116, 112, 97, 111, 114, 97, 97, 97, 121, 124, 104, 104, 109, 125, 130]
[13, 17, 2][121, 97, 104, 105, 136, 106, 97, 129, 120, 118, 112, 113, 109, 108, 127, 97, 112, 104, 115, 105, 97, 130, 97, 99, 101, 101, 121, 105, 124, 112, 133, 112]
[17, 17, 2][97, 97, 103, 97, 115, 105, 97, 113, 102, 97, 97, 97, 104, 113, 101, 97, 98, 97, 97, 97, 97, 97, 97, 97, 97, 97, 124, 97, 112, 97, 97, 112]
[13, 18, 2][123, 97, 107, 97, 133, 106, 97, 132, 108, 129, 112, 117, 111, 108, 131, 97, 97, 110, 97, 97, 102, 147, 97, 97, 100, 97, 122, 97, 114, 115, 107, 120]
[14, 18, 2][101, 97, 97, 97, 99, 115, 97, 131, 126, 114, 141, 97, 101, 106, 100, 97, 97, 124, 108, 97, 97, 97, 97, 97, 97, 97, 122, 97, 111, 135, 97, 127]
[17, 18, 2][97, 97, 101, 97, 108, 100, 97, 111, 97, 99, 97, 97, 107, 116, 97, 97, 108, 97, 97, 101, 97, 97, 97, 97, 97, 97, 120, 97, 104, 97, 97, 108]
[10, 19, 2][97, 97, 101, 97, 108, 100, 97, 111, 97, 99, 97, 97, 107, 116, 97, 97, 108, 97, 97, 101, 97, 97, 97, 97, 97, 97, 120, 97, 104, 97, 97, 108]
[13, 19, 2][97, 97, 101, 97, 108, 100, 97, 111, 97, 99, 97, 97, 107, 116, 97, 97, 108, 97, 97, 101, 97, 97, 97, 97, 97, 97, 120, 97, 104, 97, 97, 108]
[16, 19, 2][97, 97, 101, 97, 108, 100, 97, 111, 97, 99, 97, 97, 107, 116, 97, 97, 108, 97, 97, 101, 97, 97, 97, 97, 97, 97, 120, 97, 104, 97, 97, 108]
[14, 22, 2][97, 97, 101, 97, 108, 100, 97, 111, 97, 99, 97, 97, 107, 116, 97, 97, 108, 97, 97, 101, 97, 97, 97, 97, 97, 97, 120, 97, 104, 97, 97, 108]
[25, 23, 2][97, 97, 101, 97, 108, 100, 97, 111, 97, 99, 97, 97, 107, 116, 97, 97, 108, 97, 97, 101, 97, 97, 97, 97, 97, 97, 120, 97, 104, 97, 97, 108]
[4, 26, 2][97, 97, 101, 97, 108, 100, 97, 111, 97, 99, 97, 97, 107, 116, 97, 97, 108, 97, 97, 101, 97, 97, 97, 97, 97, 97, 120, 97, 104, 97, 97, 108]
[7, 28, 2][97, 97, 101, 97, 108, 100, 97, 111, 97, 99, 97, 97, 107, 116, 97, 97, 108, 97, 97, 101, 97, 97, 97, 97, 97, 97, 120, 97, 104, 97, 97, 108]
[18, 28, 2][97, 104, 105, 104, 97, 108, 111, 97, 97, 97, 97, 97, 97, 101, 97, 97, 102, 99, 107, 109, 97, 97, 114, 106, 102, 105, 97, 103, 97, 100, 97, 97]
[6, 1, 3][97, 97, 101, 97, 108, 100, 97, 111, 97, 99, 97, 97, 107, 116, 97, 97, 108, 97, 97, 101, 97, 97, 97, 97, 97, 97, 120, 97, 104, 97, 97, 108]
[5, 6, 3][97, 97, 101, 97, 108, 100, 97, 111, 97, 99, 97, 97, 107, 116, 97, 97, 108, 97, 97, 101, 97, 97, 97, 97, 97, 97, 120, 97, 104, 97, 97, 108]
[19, 13, 3][97, 104, 105, 104, 97, 108, 111, 97, 97, 97, 97, 97, 97, 101, 97, 97, 102, 99, 107, 109, 97, 97, 114, 106, 102, 105, 97, 103, 97, 100, 97, 97]
[17, 14, 3][97, 97, 101, 97, 108, 100, 97, 111, 97, 99, 97, 97, 107, 116, 97, 97, 108, 97, 97, 101, 97, 97, 97, 97, 97, 97, 120, 97, 104, 97, 97, 108]
[17, 15, 3][97, 97, 101, 97, 108, 100, 97, 111, 97, 99, 97, 97, 107, 116, 97, 97, 108, 97, 97, 101, 97, 97, 97, 97, 97, 97, 120, 97, 104, 97, 97, 108]
[17, 16, 3][107, 97, 97, 97, 134, 97, 98, 116, 119, 123, 113, 109, 100, 116, 118, 97, 107, 97, 106, 103, 97, 114, 97, 97, 97, 97, 124, 104, 104, 109, 116, 122]
[12, 17, 3][97, 97, 101, 97, 108, 100, 97, 111, 97, 99, 97, 97, 107, 116, 97, 97, 108, 97, 97, 101, 97, 97, 97, 97, 97, 97, 120, 97, 104, 97, 97, 108]
[13, 17, 3][97, 97, 97, 97, 124, 101, 99, 114, 114, 142, 97, 97, 97, 117, 104, 97, 109, 97, 105, 120, 97, 104, 97, 97, 97, 108, 117, 97, 115, 97, 121, 108]
[12, 18, 3][97, 97, 101, 97, 108, 100, 97, 111, 97, 99, 97, 97, 107, 116, 97, 97, 108, 97, 97, 101, 97, 97, 97, 97, 97, 97, 120, 97, 104, 97, 97, 108]
[13, 18, 3][97, 97, 101, 97, 112, 99, 97, 116, 100, 115, 97, 97, 100, 117, 100, 97, 102, 97, 97, 106, 97, 97, 97, 97, 97, 98, 118, 97, 105, 97, 100, 112]
[15, 18, 3][97, 97, 101, 97, 108, 100, 97, 111, 97, 99, 97, 97, 107, 116, 97, 97, 108, 97, 97, 101, 97, 97, 97, 97, 97, 97, 120, 97, 104, 97, 97, 108]
[13, 19, 3][97, 97, 101, 97, 108, 100, 97, 111, 97, 99, 97, 97, 107, 116, 97, 97, 108, 97, 97, 101, 97, 97, 97, 97, 97, 97, 120, 97, 104, 97, 97, 108]
[15, 19, 3][97, 97, 105, 97, 105, 110, 97, 114, 115, 117, 120, 97, 113, 117, 98, 97, 101, 132, 103, 97, 97, 109, 97, 97, 97, 106, 121, 97, 97, 99, 99, 129]
[17, 19, 3][97, 97, 101, 97, 108, 100, 97, 111, 97, 99, 97, 97, 107, 116, 97, 97, 108, 97, 97, 101, 97, 97, 97, 97, 97, 97, 120, 97, 104, 97, 97, 108]
[9, 20, 3][97, 97, 101, 97, 108, 100, 97, 111, 97, 99, 97, 97, 107, 116, 97, 97, 108, 97, 97, 101, 97, 97, 97, 97, 97, 97, 120, 97, 104, 97, 97, 108]
[12, 20, 3][97, 97, 101, 97, 108, 100, 97, 111, 97, 99, 97, 97, 107, 116, 97, 97, 108, 97, 97, 101, 97, 97, 97, 97, 97, 97, 120, 97, 104, 97, 97, 108]
[15, 22, 3][97, 97, 101, 97, 108, 100, 97, 111, 97, 99, 97, 97, 107, 116, 97, 97, 108, 97, 97, 101, 97, 97, 97, 97, 97, 97, 120, 97, 104, 97, 97, 108]
[17, 24, 3][97, 97, 101, 97, 108, 100, 97, 111, 97, 99, 97, 97, 107, 116, 97, 97, 108, 97, 97, 101, 97, 97, 97, 97, 97, 97, 120, 97, 104, 97, 97, 108]
[0, 26, 3][97, 97, 101, 97, 108, 100, 97, 111, 97, 99, 97, 97, 107, 116, 97, 97, 108, 97, 97, 101, 97, 97, 97, 97, 97, 97, 120, 97, 104, 97, 97, 108]
[18, 16, 4][97, 104, 105, 104, 97, 108, 111, 97, 97, 97, 97, 97, 97, 101, 97, 97, 102, 99, 107, 109, 97, 97, 114, 106, 102, 105, 97, 103, 97, 100, 97, 97]
[13, 17, 4][107, 97, 97, 97, 104, 113, 97, 111, 131, 167, 119, 97, 105, 98, 117, 97, 97, 137, 113, 97, 118, 97, 97, 97, 97, 129, 114, 97, 106, 97, 141, 135]
[17, 17, 4][97, 97, 97, 97, 117, 97, 97, 117, 110, 137, 101, 97, 126, 105, 112, 97, 103, 115, 98, 97, 97, 97, 97, 97, 97, 98, 112, 97, 97, 97, 124, 127]
[13, 18, 4][109, 97, 97, 97, 101, 110, 97, 113, 117, 178, 120, 97, 111, 99, 121, 97, 97, 142, 111, 97, 124, 113, 97, 97, 97, 119, 115, 97, 97, 99, 133, 143]
[14, 19, 4][97, 97, 111, 101, 120, 113, 97, 111, 110, 125, 103, 101, 125, 117, 112, 100, 117, 125, 103, 97, 97, 105, 97, 97, 126, 108, 117, 97, 97, 97, 131, 126]
[12, 20, 4][97, 97, 101, 97, 108, 100, 97, 111, 97, 99, 97, 97, 107, 116, 97, 97, 108, 97, 97, 101, 97, 97, 97, 97, 97, 97, 120, 97, 104, 97, 97, 108]
[18, 28, 4][97, 97, 101, 97, 108, 100, 97, 111, 97, 99, 97, 97, 107, 116, 97, 97, 108, 97, 97, 101, 97, 97, 97, 97, 97, 97, 120, 97, 104, 97, 97, 108]
[22, 0, 5][97, 97, 101, 97, 108, 100, 97, 111, 97, 99, 97, 97, 107, 116, 97, 97, 108, 97, 97, 101, 97, 97, 97, 97, 97, 97, 120, 97, 104, 97, 97, 108]
[18, 13, 5][97, 104, 105, 104, 97, 108, 111, 97, 97, 97, 97, 97, 97, 101, 97, 97, 102, 99, 107, 109, 97, 97, 114, 106, 102, 105, 97, 103, 97, 100, 97, 97]
[19, 13, 5][97, 110, 98, 108, 97, 118, 114, 102, 100, 101, 121, 97, 97, 101, 97, 97, 97, 149, 129, 109, 109, 97, 113, 113, 97, 117, 97, 107, 102, 138, 97, 100]
[14, 15, 5][106, 97, 115, 97, 111, 115, 97, 110, 108, 106, 97, 97, 102, 116, 100, 97, 114, 97, 97, 118, 104, 97, 104, 110, 97, 134, 118, 97, 125, 108, 102, 102]
[17, 15, 5][97, 97, 101, 97, 108, 100, 97, 111, 97, 99, 97, 97, 107, 116, 97, 97, 108, 97, 97, 101, 97, 97, 97, 97, 97, 97, 120, 97, 104, 97, 97, 108]
[14, 16, 5][97, 97, 101, 97, 108, 100, 97, 111, 97, 99, 97, 97, 107, 116, 97, 97, 108, 97, 97, 101, 97, 97, 97, 97, 97, 97, 120, 97, 104, 97, 97, 108]
[17, 16, 5][108, 97, 97, 97, 115, 97, 97, 127, 118, 129, 97, 97, 107, 102, 119, 98, 97, 104, 97, 97, 98, 104, 97, 99, 97, 106, 109, 97, 101, 98, 114, 121]
[13, 17, 5][114, 97, 97, 97, 114, 113, 97, 111, 131, 167, 119, 97, 105, 98, 117, 97, 97, 137, 113, 97, 118, 97, 97, 97, 97, 129, 114, 97, 106, 106, 141, 135]
[27, 17, 5][97, 97, 101, 97, 108, 100, 97, 111, 97, 99, 97, 97, 107, 116, 97, 97, 108, 97, 97, 101, 97, 97, 97, 97, 97, 97, 120, 97, 104, 97, 97, 108]
[14, 22, 5][97, 104, 105, 104, 97, 108, 111, 97, 97, 97, 97, 97, 97, 101, 97, 97, 102, 99, 107, 109, 97, 97, 114, 106, 102, 105, 97, 103, 97, 100, 97, 97]
[29, 1, 6][97, 97, 101, 97, 108, 100, 97, 111, 97, 99, 97, 97, 107, 116, 97, 97, 108, 97, 97, 101, 97, 97, 97, 97, 97, 97, 120, 97, 104, 97, 97, 108]
[27, 11, 6][97, 97, 102, 97, 97, 104, 100, 105, 103, 97, 106, 97, 97, 101, 97, 122, 102, 97, 123, 105, 97, 97, 97, 97, 97, 107, 103, 97, 100, 97, 97, 98]
[18, 12, 6][97, 121, 99, 127, 97, 97, 114, 97, 97, 97, 97, 127, 108, 97, 97, 113, 112, 100, 107, 106, 101, 97, 111, 127, 119, 108, 97, 134, 97, 107, 109, 97]
[18, 13, 6][98, 131, 103, 123, 97, 97, 115, 97, 97, 97, 97, 131, 114, 97, 97, 117, 106, 105, 105, 97, 107, 114, 111, 123, 128, 98, 97, 125, 97, 111, 101, 97]
[16, 14, 6][97, 117, 97, 112, 97, 97, 102, 97, 97, 97, 97, 110, 109, 97, 97, 100, 99, 117, 99, 97, 97, 97, 103, 126, 114, 104, 97, 107, 97, 100, 97, 97]
[17, 14, 6][97, 97, 101, 97, 108, 100, 97, 111, 97, 99, 97, 97, 107, 116, 97, 97, 108, 97, 97, 101, 97, 97, 97, 97, 97, 97, 120, 97, 104, 97, 97, 108]
[15, 15, 6][97, 104, 105, 104, 97, 108, 111, 97, 97, 97, 97, 97, 97, 101, 97, 97, 102, 99, 107, 109, 97, 97, 114, 106, 102, 105, 97, 103, 97, 100, 97, 97]
[17, 15, 6][104, 97, 105, 97, 114, 97, 97, 114, 124, 111, 135, 97, 113, 117, 112, 105, 101, 118, 97, 97, 97, 109, 97, 97, 97, 97, 123, 97, 104, 108, 106, 127]
[16, 16, 6][97, 97, 101, 97, 108, 100, 97, 111, 97, 99, 97, 97, 107, 116, 97, 97, 108, 97, 97, 101, 97, 97, 97, 97, 97, 97, 120, 97, 104, 97, 97, 108]
[17, 16, 6][108, 97, 108, 97, 115, 102, 97, 127, 118, 129, 97, 97, 107, 115, 119, 98, 97, 104, 97, 104, 98, 104, 97, 100, 97, 106, 122, 97, 119, 100, 114, 121]
[12, 17, 6][97, 97, 101, 97, 108, 100, 97, 111, 97, 99, 97, 97, 107, 116, 97, 97, 108, 97, 97, 101, 97, 97, 97, 97, 97, 97, 120, 97, 104, 97, 97, 108]
[13, 17, 6][114, 97, 100, 104, 122, 123, 97, 109, 129, 158, 124, 97, 97, 107, 112, 97, 97, 111, 101, 97, 108, 101, 97, 97, 97, 122, 117, 97, 108, 106, 126, 131]
[14, 17, 6][97, 97, 101, 97, 108, 100, 97, 111, 97, 99, 97, 97, 107, 116, 97, 97, 108, 97, 97, 101, 97, 97, 97, 97, 97, 97, 120, 97, 104, 97, 97, 108]
[17, 17, 6][97, 97, 97, 97, 104, 97, 97, 124, 104, 109, 106, 97, 138, 105, 109, 117, 104, 126, 97, 97, 97, 97, 97, 104, 97, 97, 114, 97, 97, 97, 108, 125]
[13, 18, 6][101, 97, 104, 100, 119, 121, 99, 108, 122, 142, 124, 97, 103, 107, 113, 97, 97, 125, 115, 97, 97, 119, 97, 97, 103, 97, 118, 97, 99, 103, 118, 128]
[14, 18, 6][121, 97, 97, 97, 111, 118, 100, 130, 134, 177, 140, 97, 97, 107, 112, 97, 97, 123, 101, 97, 116, 122, 97, 97, 97, 111, 121, 97, 108, 148, 97, 143]
[16, 18, 6][97, 97, 101, 97, 108, 100, 97, 111, 97, 99, 97, 97, 107, 116, 97, 97, 108, 97, 97, 101, 97, 97, 97, 97, 97, 97, 120, 97, 104, 97, 97, 108]
[17, 18, 6][97, 97, 101, 97, 108, 100, 97, 111, 97, 99, 97, 97, 107, 116, 97, 97, 108, 97, 97, 101, 97, 97, 97, 97, 97, 97, 120, 97, 104, 97, 97, 108]
[14, 21, 6][97, 97, 101, 97, 108, 100, 97, 111, 97, 99, 97, 97, 107, 116, 97, 97, 108, 97, 97, 101, 97, 97, 97, 97, 97, 97, 120, 97, 104, 97, 97, 108]
[14, 22, 6][97, 97, 101, 97, 108, 100, 97, 111, 97, 99, 97, 97, 107, 116, 97, 97, 108, 97, 97, 101, 97, 97, 97, 97, 97, 97, 120, 97, 104, 97, 97, 108]
[1, 7, 7][97, 97, 101, 97, 108, 100, 97, 111, 97, 99, 97, 97, 107, 116, 97, 97, 108, 97, 97, 101, 97, 97, 97, 97, 97, 97, 120, 97, 104, 97, 97, 108]
[18, 12, 7][124, 130, 104, 127, 101, 121, 131, 109, 124, 97, 108, 137, 108, 97, 99, 137, 112, 107, 122, 110, 124, 121, 116, 162, 123, 119, 97, 149, 115, 155, 112, 97]
[16, 13, 7][116, 143, 102, 123, 102, 97, 102, 97, 97, 97, 97, 157, 128, 97, 113, 156, 98, 133, 98, 97, 118, 122, 101, 144, 155, 113, 97, 132, 97, 99, 122, 97]
[17, 13, 7][121, 146, 109, 134, 106, 97, 130, 103, 102, 97, 101, 149, 123, 97, 108, 148, 121, 140, 113, 97, 128, 135, 112, 151, 161, 111, 97, 136, 97, 138, 126, 97]
[19, 13, 7][121, 133, 101, 112, 97, 116, 134, 98, 101, 100, 118, 127, 97, 97, 97, 113, 97, 120, 121, 97, 132, 142, 115, 110, 104, 102, 97, 144, 97, 165, 97, 97]
[15, 14, 7][111, 133, 113, 121, 97, 103, 111, 97, 102, 97, 103, 151, 108, 97, 102, 146, 97, 104, 97, 112, 104, 104, 120, 162, 118, 113, 97, 142, 103, 117, 106, 97]
[16, 14, 7][124, 142, 106, 115, 97, 101, 112, 103, 98, 97, 119, 151, 133, 97, 114, 157, 99, 138, 99, 112, 115, 121, 119, 174, 134, 115, 97, 123, 112, 147, 98, 97]
[17, 14, 7][119, 97, 115, 97, 124, 100, 97, 131, 138, 108, 134, 109, 107, 116, 121, 102, 108, 112, 98, 108, 97, 119, 97, 108, 97, 106, 123, 103, 135, 113, 114, 119]
[14, 15, 7][108, 150, 111, 128, 99, 111, 110, 97, 97, 97, 97, 163, 123, 101, 111, 157, 118, 120, 106, 109, 108, 118, 115, 151, 156, 107, 97, 130, 97, 114, 120, 97]
[15, 15, 7][113, 143, 116, 119, 97, 108, 112, 101, 102, 97, 113, 155, 125, 101, 107, 149, 108, 127, 107, 109, 110, 121, 121, 158, 152, 105, 97, 134, 97, 153, 100, 97]
[17, 15, 7][97, 97, 101, 97, 108, 100, 97, 111, 97, 99, 97, 97, 107, 116, 97, 97, 108, 97, 97, 101, 97, 97, 97, 97, 97, 97, 120, 97, 104, 97, 97, 108]
[12, 16, 7][97, 97, 101, 97, 108, 100, 97, 111, 97, 99, 97, 97, 107, 116, 97, 97, 108, 97, 97, 101, 97, 97, 97, 97, 97, 97, 120, 97, 104, 97, 97, 108]
[16, 16, 7][98, 97, 101, 97, 136, 100, 97, 117, 109, 110, 97, 109, 108, 116, 120, 105, 108, 97, 97, 101, 97, 129, 97, 97, 101, 97, 120, 104, 104, 98, 126, 108]
[17, 16, 7][122, 97, 108, 97, 126, 102, 97, 122, 141, 153, 106, 97, 133, 115, 125, 113, 110, 120, 97, 104, 112, 107, 97, 108, 97, 131, 122, 97, 119, 104, 145, 129]
[13, 17, 7][103, 97, 97, 98, 122, 97, 97, 115, 135, 172, 120, 97, 99, 107, 109, 97, 97, 119, 117, 97, 106, 101, 97, 97, 97, 132, 117, 97, 98, 99, 130, 131]
[14, 17, 7][97, 97, 101, 97, 121, 100, 97, 121, 102, 99, 98, 114, 147, 116, 116, 140, 126, 118, 97, 101, 97, 110, 97, 104, 117, 97, 120, 97, 104, 97, 129, 118]
[15, 17, 7][97, 97, 97, 97, 113, 97, 97, 116, 97, 99, 97, 100, 126, 110, 103, 116, 111, 104, 97, 97, 97, 100, 97, 97, 97, 97, 120, 97, 97, 97, 107, 114]
[17, 17, 7][120, 97, 97, 107, 123, 97, 97, 124, 128, 153, 106, 97, 138, 105, 130, 117, 108, 126, 114, 97, 112, 114, 97, 104, 97, 121, 114, 97, 97, 103, 146, 128]
[14, 18, 7][111, 97, 99, 97, 105, 106, 97, 137, 123, 191, 112, 97, 105, 108, 109, 97, 97, 132, 102, 97, 114, 106, 97, 97, 97, 121, 118, 97, 104, 135, 100, 143]
[17, 18, 7][122, 97, 97, 103, 120, 97, 97, 127, 114, 165, 101, 97, 114, 101, 134, 97, 101, 116, 112, 97, 118, 132, 97, 97, 97, 111, 111, 97, 97, 106, 139, 136]
[11, 22, 7][97, 97, 101, 97, 108, 100, 97, 111, 97, 99, 97, 97, 107, 116, 97, 97, 108, 97, 97, 101, 97, 97, 97, 97, 97, 97, 120, 97, 104, 97, 97, 108]
[14, 22, 7][97, 104, 105, 104, 97, 108, 111, 97, 97, 97, 97, 97, 97, 101, 97, 97, 102, 99, 107, 109, 97, 97, 114, 106, 102, 105, 97, 103, 97, 100, 97, 97]
[17, 12, 8][119, 136, 97, 138, 109, 97, 129, 97, 105, 97, 97, 145, 97, 97, 104, 145, 101, 97, 114, 110, 122, 117, 100, 155, 151, 121, 97, 145, 106, 117, 133, 97]
[18, 12, 8][124, 130, 111, 133, 104, 119, 150, 109, 124, 97, 124, 137, 97, 97, 99, 137, 97, 104, 134, 110, 134, 121, 122, 162, 123, 125, 97, 160, 115, 155, 113, 97]
[16, 13, 8][134, 147, 108, 124, 98, 97, 124, 97, 113, 115, 106, 158, 111, 97, 116, 158, 97, 114, 106, 116, 136, 121, 113, 164, 153, 140, 97, 128, 121, 125, 127, 97]
[17, 13, 8][125, 143, 102, 140, 109, 97, 150, 114, 122, 97, 115, 150, 101, 97, 112, 151, 97, 104, 131, 116, 138, 133, 112, 171, 152, 132, 97, 147, 130, 152, 126, 97]
[19, 13, 8][129, 130, 108, 118, 97, 114, 153, 97, 112, 103, 140, 120, 97, 97, 97, 115, 97, 116, 134, 97, 141, 140, 121, 101, 101, 113, 97, 155, 97, 174, 97, 97]
[16, 14, 8][124, 142, 112, 115, 97, 101, 112, 103, 98, 97, 119, 151, 133, 97, 114, 157, 97, 138, 97, 112, 115, 121, 119, 174, 134, 123, 97, 123, 112, 147, 98, 97]
[17, 14, 8][97, 97, 101, 97, 108, 100, 97, 111, 97, 99, 97, 97, 107, 116, 97, 97, 108, 97, 97, 101, 97, 97, 97, 97, 97, 97, 120, 97, 104, 97, 97, 108]
[14, 15, 8][97, 110, 106, 107, 97, 108, 115, 97, 97, 97, 110, 103, 97, 97, 97, 100, 97, 99, 110, 102, 97, 97, 119, 104, 102, 98, 97, 115, 97, 116, 97, 97]
[15, 15, 8][97, 104, 105, 104, 97, 108, 111, 97, 97, 97, 97, 97, 97, 101, 97, 97, 102, 99, 107, 109, 97, 97, 114, 106, 102, 105, 97, 103, 97, 100, 97, 97]
[16, 15, 8][97, 97, 101, 97, 108, 100, 97, 111, 97, 99, 97, 97, 107, 116, 97, 97, 108, 97, 97, 101, 97, 97, 97, 97, 97, 97, 120, 97, 104, 97, 97, 108]
[18, 15, 8][97, 104, 105, 104, 97, 108, 111, 97, 97, 97, 97, 97, 97, 101, 97, 97, 102, 99, 107, 109, 97, 97, 114, 106, 102, 105, 97, 103, 97, 100, 97, 97]
[13, 16, 8][97, 135, 97, 129, 97, 97, 102, 97, 97, 97, 97, 117, 133, 97, 97, 128, 108, 136, 104, 97, 104, 97, 103, 129, 151, 104, 97, 107, 97, 100, 124, 97]
[14, 16, 8][97, 145, 97, 124, 97, 97, 105, 97, 97, 97, 97, 142, 123, 97, 99, 124, 97, 144, 105, 97, 114, 128, 97, 136, 136, 101, 97, 121, 97, 118, 102, 97]
[15, 16, 8][97, 97, 108, 97, 114, 102, 97, 122, 103, 104, 97, 97, 101, 115, 107, 97, 97, 97, 97, 104, 97, 103, 97, 100, 97, 97, 122, 97, 119, 100, 97, 112]
[16, 16, 8][101, 97, 108, 97, 114, 102, 97, 140, 121, 111, 99, 97, 101, 115, 107, 97, 97, 97, 97, 104, 97, 106, 97, 107, 97, 97, 125, 97, 128, 138, 97, 115]
[17, 16, 8][97, 97, 97, 97, 100, 99, 97, 122, 114, 141, 101, 97, 115, 106, 108, 97, 97, 130, 97, 97, 97, 97, 97, 97, 97, 121, 113, 97, 97, 97, 110, 133]
[13, 17, 8][103, 97, 97, 97, 135, 97, 97, 119, 118, 172, 97, 97, 99, 109, 118, 97, 101, 119, 103, 104, 108, 122, 97, 97, 101, 132, 107, 98, 97, 97, 139, 131]
[14, 17, 8][97, 97, 101, 97, 108, 100, 97, 111, 97, 99, 97, 97, 107, 116, 97, 97, 108, 97, 97, 101, 97, 97, 97, 97, 97, 97, 120, 97, 104, 97, 97, 108]
[17, 17, 8][97, 97, 97, 105, 135, 97, 106, 99, 103, 118, 97, 97, 101, 111, 105, 97, 111, 97, 115, 97, 97, 117, 97, 97, 102, 97, 113, 109, 97, 97, 130, 102]
[16, 19, 8][97, 97, 101, 97, 108, 100, 97, 111, 97, 99, 97, 97, 107, 116, 97, 97, 108, 97, 97, 101, 97, 97, 97, 97, 97, 97, 120, 97, 104, 97, 97, 108]
[18, 12, 9][97, 104, 105, 104, 97, 108, 111, 97, 97, 97, 97, 97, 97, 101, 97, 97, 102, 99, 107, 109, 97, 97, 114, 106, 102, 105, 97, 103, 97, 100, 97, 97]
[19, 12, 9][97, 104, 105, 104, 97, 108, 111, 97, 97, 97, 97, 97, 97, 101, 97, 97, 102, 99, 107, 109, 97, 97, 114, 106, 102, 105, 97, 103, 97, 100, 97, 97]
[17, 13, 9][97, 134, 115, 121, 97, 108, 111, 97, 97, 97, 97, 145, 109, 101, 97, 135, 111, 97, 104, 97, 106, 113, 115, 140, 140, 97, 97, 131, 97, 108, 102, 97]
[15, 14, 9][121, 120, 124, 112, 97, 105, 107, 97, 101, 97, 105, 131, 97, 97, 97, 128, 97, 98, 97, 118, 103, 102, 124, 140, 108, 125, 97, 137, 123, 124, 97, 97]
[16, 14, 9][127, 117, 118, 100, 97, 107, 114, 114, 108, 97, 122, 120, 97, 97, 97, 120, 97, 97, 97, 118, 103, 106, 124, 147, 102, 124, 97, 121, 132, 155, 97, 97]
[17, 14, 9][97, 97, 101, 97, 108, 100, 97, 111, 97, 99, 97, 97, 107, 116, 97, 97, 108, 97, 97, 101, 97, 97, 97, 97, 97, 97, 120, 97, 104, 97, 97, 108]
[14, 15, 9][97, 124, 106, 123, 97, 108, 115, 97, 97, 97, 110, 119, 113, 97, 97, 107, 102, 112, 110, 102, 103, 99, 119, 123, 126, 98, 97, 121, 97, 116, 102, 97]
[15, 15, 9][112, 130, 105, 108, 97, 108, 117, 97, 101, 97, 126, 135, 97, 101, 97, 132, 102, 106, 111, 109, 109, 111, 118, 135, 118, 106, 97, 128, 106, 154, 97, 97]
[16, 15, 9][97, 97, 101, 97, 108, 100, 97, 111, 97, 99, 97, 97, 107, 116, 97, 97, 108, 97, 97, 101, 97, 97, 97, 97, 97, 97, 120, 97, 104, 97, 97, 108]
[15, 16, 9][118, 97, 119, 97, 122, 103, 97, 134, 119, 102, 97, 110, 114, 111, 121, 109, 103, 97, 97, 107, 97, 119, 100, 115, 97, 105, 124, 97, 137, 113, 114, 112]
[17, 16, 9][97, 97, 97, 97, 97, 110, 97, 110, 115, 117, 120, 97, 104, 99, 97, 97, 97, 132, 103, 97, 97, 97, 97, 97, 97, 106, 115, 97, 97, 99, 99, 129]
[15, 17, 9][119, 97, 122, 97, 119, 100, 97, 137, 112, 114, 104, 114, 119, 116, 126, 113, 97, 98, 97, 101, 97, 136, 101, 112, 98, 97, 125, 97, 128, 129, 107, 120]
[12, 18, 9][97, 97, 101, 97, 108, 100, 97, 111, 97, 99, 97, 97, 107, 116, 97, 97, 108, 97, 97, 101, 97, 97, 97, 97, 97, 97, 120, 97, 104, 97, 97, 108]
[14, 18, 9][105, 97, 97, 97, 124, 115, 97, 140, 126, 159, 141, 97, 97, 109, 118, 97, 97, 124, 108, 97, 116, 143, 97, 97, 97, 97, 116, 97, 101, 132, 109, 127]
[17, 18, 9][97, 97, 101, 97, 108, 100, 97, 111, 97, 99, 97, 97, 107, 116, 97, 97, 108, 97, 97, 101, 97, 97, 97, 97, 97, 97, 120, 97, 104, 97, 97, 108]
[18, 18, 9][97, 97, 101, 97, 108, 100, 97, 111, 97, 99, 97, 97, 107, 116, 97, 97, 108, 97, 97, 101, 97, 97, 97, 97, 97, 97, 120, 97, 104, 97, 97, 108]
[18, 12, 10][97, 112, 111, 118, 97, 111, 123, 97, 97, 101, 97, 103, 102, 101, 97, 98, 118, 111, 123, 109, 111, 97, 115, 99, 131, 123, 97, 109, 97, 97, 102, 97]
[17, 13, 10][119, 134, 111, 121, 97, 97, 110, 97, 97, 97, 97, 145, 109, 97, 100, 135, 101, 97, 97, 111, 110, 113, 114, 142, 127, 120, 97, 131, 110, 116, 102, 97]
[16, 14, 10][113, 126, 116, 102, 97, 107, 114, 97, 97, 97, 115, 124, 102, 97, 97, 133, 97, 101, 97, 106, 108, 101, 124, 157, 109, 135, 97, 121, 112, 123, 97, 97]
[14, 15, 10][97, 104, 105, 104, 97, 108, 111, 97, 97, 97, 97, 97, 97, 101, 97, 97, 102, 99, 107, 109, 97, 97, 114, 106, 102, 105, 97, 103, 97, 100, 97, 97]
[15, 15, 10][97, 104, 105, 104, 97, 108, 111, 97, 97, 97, 97, 97, 97, 101, 97, 97, 102, 99, 107, 109, 97, 97, 114, 106, 102, 105, 97, 103, 97, 100, 97, 97]
[16, 16, 10][98, 97, 102, 105, 135, 119, 106, 99, 108, 118, 118, 97, 102, 111, 108, 97, 111, 123, 115, 97, 97, 117, 97, 97, 104, 98, 116, 109, 97, 97, 130, 130]
[17, 16, 10][103, 97, 97, 97, 100, 117, 97, 108, 127, 109, 134, 97, 97, 97, 103, 97, 97, 130, 102, 97, 97, 97, 97, 97, 97, 97, 119, 97, 104, 114, 97, 133]
[14, 17, 10][97, 97, 101, 97, 108, 100, 97, 111, 97, 99, 97, 97, 107, 116, 97, 97, 108, 97, 97, 101, 97, 97, 97, 97, 97, 97, 120, 97, 104, 97, 97, 108]
[17, 17, 10][108, 97, 107, 97, 126, 102, 97, 117, 127, 101, 109, 103, 117, 116, 125, 120, 123, 108, 97, 101, 101, 128, 97, 97, 117, 97, 116, 104, 97, 110, 121, 121]
[18, 17, 10][97, 97, 101, 97, 108, 100, 97, 111, 97, 99, 97, 97, 107, 116, 97, 97, 108, 97, 97, 101, 97, 97, 97, 97, 97, 97, 120, 97, 104, 97, 97, 108]
[14, 18, 10][97, 97, 101, 97, 108, 100, 97, 111, 97, 99, 97, 97, 107, 116, 97, 97, 108, 97, 97, 101, 97, 97, 97, 97, 97, 97, 120, 97, 104, 97, 97, 108]
[17, 19, 10][97, 97, 101, 97, 108, 100, 97, 111, 97, 99, 97, 97, 107, 116, 97, 97, 108, 97, 97, 101, 97, 97, 97, 97, 97, 97, 120, 97, 104, 97, 97, 108]
[8, 0, 11][97, 104, 105, 104, 97, 108, 111, 97, 97, 97, 97, 97, 97, 101, 97, 97, 102, 99, 107, 109, 97, 97, 114, 106, 102, 105, 97, 103, 97, 100, 97, 97]
[17, 11, 11][97, 104, 105, 104, 97, 108, 111, 97, 97, 97, 97, 97, 97, 101, 97, 97, 102, 99, 107, 109, 97, 97, 114, 106, 102, 105, 97, 103, 97, 100, 97, 97]
[21, 11, 11][97, 104, 105, 104, 97, 108, 111, 97, 97, 97, 97, 97, 97, 101, 97, 97, 102, 99, 107, 109, 97, 97, 114, 106, 102, 105, 97, 103, 97, 100, 97, 97]
[27, 11, 11][97, 104, 105, 104, 97, 108, 111, 97, 97, 97, 97, 97, 97, 101, 97, 97, 102, 99, 107, 109, 97, 97, 114, 106, 102, 105, 97, 103, 97, 100, 97, 97]
[18, 12, 11][97, 104, 105, 104, 97, 108, 111, 97, 97, 97, 97, 97, 97, 101, 97, 97, 102, 99, 107, 109, 97, 97, 114, 106, 102, 105, 97, 103, 97, 100, 97, 97]
[17, 14, 11][119, 97, 105, 97, 129, 97, 97, 136, 128, 106, 113, 117, 120, 104, 129, 115, 97, 117, 97, 108, 97, 111, 97, 126, 97, 111, 123, 97, 139, 108, 113, 130]
[14, 15, 11][97, 136, 111, 123, 97, 111, 111, 97, 97, 97, 99, 139, 121, 101, 97, 132, 118, 124, 107, 109, 104, 110, 115, 140, 131, 107, 97, 127, 97, 114, 102, 97]
[15, 15, 11][97, 110, 106, 107, 97, 108, 115, 97, 97, 97, 110, 103, 97, 101, 97, 100, 102, 99, 110, 109, 97, 97, 119, 106, 102, 105, 97, 115, 97, 116, 97, 97]
[16, 15, 11][106, 97, 112, 109, 138, 101, 105, 129, 117, 116, 97, 97, 97, 116, 114, 97, 117, 97, 117, 111, 97, 105, 97, 112, 97, 115, 117, 118, 124, 99, 138, 111]
[17, 15, 11][121, 99, 109, 97, 126, 99, 97, 148, 124, 123, 114, 121, 125, 116, 134, 119, 97, 122, 97, 111, 97, 128, 97, 122, 97, 114, 124, 97, 134, 138, 105, 138]
[13, 16, 11][97, 117, 111, 115, 97, 111, 110, 97, 97, 97, 97, 110, 109, 101, 97, 100, 118, 117, 106, 109, 97, 97, 115, 126, 131, 107, 97, 107, 97, 100, 102, 97]
[14, 16, 11][97, 104, 105, 104, 97, 108, 111, 97, 97, 97, 97, 97, 97, 101, 97, 97, 102, 99, 107, 109, 97, 97, 114, 106, 102, 105, 97, 103, 97, 100, 97, 97]
[18, 16, 11][97, 97, 101, 97, 108, 100, 97, 111, 97, 99, 97, 97, 107, 116, 97, 97, 108, 97, 97, 101, 97, 97, 97, 97, 97, 97, 120, 97, 104, 97, 97, 108]
[17, 18, 11][110, 103, 97, 97, 123, 97, 97, 134, 113, 114, 109, 107, 132, 103, 129, 123, 97, 119, 97, 97, 107, 145, 97, 119, 109, 104, 117, 97, 106, 114, 114, 129]
[27, 11, 12][97, 104, 105, 104, 97, 108, 111, 105, 103, 97, 106, 97, 97, 101, 97, 122, 102, 99, 123, 109, 97, 97, 114, 106, 102, 107, 103, 103, 100, 100, 97, 98]
[18, 12, 12][112, 116, 113, 106, 97, 108, 120, 102, 111, 97, 113, 120, 97, 101, 97, 109, 102, 118, 107, 109, 103, 97, 121, 137, 103, 113, 97, 124, 106, 135, 97, 97]
[17, 13, 12][97, 120, 115, 112, 97, 108, 111, 97, 97, 97, 97, 110, 109, 101, 97, 101, 111, 117, 104, 97, 97, 97, 115, 126, 140, 104, 97, 107, 97, 100, 97, 97]
[19, 13, 12][97, 110, 97, 108, 97, 118, 114, 97, 100, 101, 121, 97, 97, 97, 97, 97, 97, 149, 129, 97, 109, 97, 110, 97, 97, 117, 97, 97, 97, 122, 97, 100]
[18, 14, 12][97, 97, 101, 97, 108, 100, 97, 111, 97, 99, 97, 97, 107, 116, 97, 97, 108, 97, 97, 101, 97, 97, 97, 97, 97, 97, 120, 97, 104, 97, 97, 108]
[19, 14, 12][97, 104, 105, 104, 97, 108, 111, 97, 97, 97, 97, 97, 97, 101, 97, 97, 102, 99, 107, 109, 97, 97, 114, 106, 102, 105, 97, 103, 97, 100, 97, 97]
[14, 15, 12][97, 104, 105, 104, 97, 108, 111, 97, 97, 97, 97, 97, 97, 101, 97, 97, 102, 99, 107, 109, 97, 97, 114, 106, 102, 105, 97, 103, 97, 100, 97, 97]
[15, 16, 12][97, 97, 101, 97, 108, 100, 97, 111, 97, 99, 97, 97, 107, 116, 97, 97, 108, 97, 97, 101, 97, 97, 97, 97, 97, 97, 120, 97, 104, 97, 97, 108]
[17, 16, 12][97, 97, 101, 97, 108, 100, 97, 111, 97, 99, 97, 97, 107, 116, 97, 97, 108, 97, 97, 101, 97, 97, 97, 97, 97, 97, 120, 97, 104, 97, 97, 108]
[14, 17, 12][97, 97, 108, 97, 114, 103, 97, 122, 107, 104, 97, 97, 102, 116, 107, 97, 114, 97, 97, 115, 97, 103, 97, 100, 97, 100, 122, 97, 119, 100, 102, 112]
[17, 17, 12][97, 97, 101, 97, 108, 100, 97, 111, 97, 99, 97, 97, 107, 116, 97, 97, 108, 97, 97, 101, 97, 97, 97, 97, 97, 97, 120, 97, 104, 97, 97, 108]
[14, 18, 12][97, 97, 101, 97, 108, 100, 97, 111, 97, 99, 97, 97, 107, 116, 97, 97, 108, 97, 97, 101, 97, 97, 97, 97, 97, 97, 120, 97, 104, 97, 97, 108]
[23, 2, 13][97, 104, 105, 104, 97, 108, 111, 97, 97, 97, 97, 97, 97, 101, 97, 97, 102, 99, 107, 109, 97, 97, 114, 106, 102, 105, 97, 103, 97, 100, 97, 97]
[18, 12, 13][112, 117, 113, 126, 97, 123, 140, 97, 105, 97, 134, 120, 97, 97, 97, 109, 97, 136, 138, 105, 116, 97, 121, 117, 116, 129, 97, 137, 106, 126, 116, 97]
[19, 12, 13][97, 104, 105, 104, 97, 108, 111, 97, 97, 97, 97, 97, 97, 101, 97, 97, 102, 99, 107, 109, 97, 97, 114, 106, 102, 105, 97, 103, 97, 100, 97, 97]
[16, 13, 13][110, 117, 117, 108, 97, 111, 113, 97, 97, 97, 109, 128, 97, 100, 97, 120, 109, 97, 109, 123, 97, 105, 125, 121, 106, 115, 97, 125, 112, 124, 97, 97]
[19, 13, 13][109, 120, 97, 111, 97, 118, 143, 97, 110, 101, 151, 97, 97, 97, 97, 97, 97, 149, 137, 97, 124, 115, 110, 97, 97, 117, 97, 132, 97, 168, 97, 100]
[16, 14, 13][97, 104, 105, 104, 97, 108, 111, 97, 97, 97, 97, 97, 97, 101, 97, 97, 102, 99, 107, 109, 97, 97, 114, 106, 102, 105, 97, 103, 97, 100, 97, 97]
[17, 14, 13][97, 97, 101, 97, 108, 100, 97, 111, 97, 99, 97, 97, 107, 116, 97, 97, 108, 97, 97, 101, 97, 97, 97, 97, 97, 97, 120, 97, 104, 97, 97, 108]
[14, 15, 13][97, 104, 105, 104, 97, 108, 111, 97, 97, 97, 97, 97, 97, 101, 97, 97, 102, 99, 107, 109, 97, 97, 114, 106, 102, 105, 97, 103, 97, 100, 97, 97]
[15, 15, 13][110, 117, 117, 100, 97, 106, 113, 102, 97, 97, 109, 128, 97, 101, 97, 120, 97, 106, 108, 109, 97, 105, 125, 121, 106, 106, 97, 125, 112, 138, 97, 97]
[16, 15, 13][97, 97, 101, 97, 108, 100, 97, 111, 97, 99, 97, 97, 107, 116, 97, 97, 108, 97, 97, 101, 97, 97, 97, 97, 97, 97, 120, 97, 104, 97, 97, 108]
[17, 15, 13][97, 97, 102, 97, 114, 103, 97, 122, 107, 132, 97, 97, 102, 117, 106, 97, 114, 97, 97, 115, 97, 99, 97, 97, 97, 115, 118, 97, 113, 97, 107, 111]
[13, 17, 13][97, 97, 101, 97, 108, 100, 97, 111, 97, 99, 97, 97, 107, 116, 97, 97, 108, 97, 97, 101, 97, 97, 97, 97, 97, 97, 120, 97, 104, 97, 97, 108]
[14, 17, 13][97, 97, 101, 97, 108, 100, 97, 111, 97, 99, 97, 97, 107, 116, 97, 97, 108, 97, 97, 101, 97, 97, 97, 97, 97, 97, 120, 97, 104, 97, 97, 108]
[17, 17, 13][97, 97, 101, 97, 108, 100, 97, 111, 97, 99, 97, 97, 107, 116, 97, 97, 108, 97, 97, 101, 97, 97, 97, 97, 97, 97, 120, 97, 104, 97, 97, 108]
[17, 18, 13][98, 97, 105, 97, 105, 109, 97, 115, 122, 133, 109, 97, 113, 117, 102, 97, 101, 130, 99, 97, 98, 109, 97, 97, 97, 116, 121, 97, 98, 100, 104, 133]
[17, 24, 13][97, 104, 105, 104, 97, 108, 111, 97, 97, 97, 97, 97, 97, 101, 97, 97, 102, 99, 107, 109, 97, 97, 114, 106, 102, 105, 97, 103, 97, 100, 97, 97]
[17, 12, 14][97, 104, 105, 104, 97, 108, 111, 97, 97, 97, 97, 97, 97, 101, 97, 97, 102, 99, 107, 109, 97, 97, 114, 106, 102, 105, 97, 103, 97, 100, 97, 97]
[17, 13, 14][97, 121, 108, 111, 97, 105, 112, 97, 97, 98, 97, 99, 113, 101, 97, 101, 97, 144, 105, 97, 102, 97, 114, 130, 112, 114, 97, 97, 97, 103, 97, 97]
[16, 14, 14][97, 104, 105, 104, 97, 108, 111, 97, 97, 97, 97, 97, 97, 101, 97, 97, 102, 99, 107, 109, 97, 97, 114, 106, 102, 105, 97, 103, 97, 100, 97, 97]
[16, 15, 14][97, 97, 101, 97, 108, 100, 97, 111, 97, 99, 97, 97, 107, 116, 97, 97, 108, 97, 97, 101, 97, 97, 97, 97, 97, 97, 120, 97, 104, 97, 97, 108]
[16, 16, 14][104, 97, 105, 97, 110, 97, 97, 134, 113, 114, 101, 102, 132, 117, 123, 113, 101, 119, 97, 97, 97, 109, 97, 119, 97, 104, 121, 97, 106, 97, 107, 128]
[14, 18, 14][97, 97, 101, 97, 108, 100, 97, 111, 97, 99, 97, 97, 107, 116, 97, 97, 108, 97, 97, 101, 97, 97, 97, 97, 97, 97, 120, 97, 104, 97, 97, 108]
[4, 26, 14][97, 104, 105, 104, 97, 108, 111, 97, 97, 97, 97, 97, 97, 101, 97, 97, 102, 99, 107, 109, 97, 97, 114, 106, 102, 105, 97, 103, 97, 100, 97, 97]
[3, 3, 15][97, 97, 101, 97, 108, 100, 97, 111, 97, 99, 97, 97, 107, 116, 97, 97, 108, 97, 97, 101, 97, 97, 97, 97, 97, 97, 120, 97, 104, 97, 97, 108]
[25, 11, 15][97, 97, 101, 97, 108, 100, 97, 111, 97, 99, 97, 97, 107, 116, 97, 97, 108, 97, 97, 101, 97, 97, 97, 97, 97, 97, 120, 97, 104, 97, 97, 108]
[18, 12, 15][125, 137, 97, 120, 103, 97, 108, 108, 124, 97, 107, 160, 97, 97, 101, 140, 97, 97, 97, 112, 115, 128, 102, 164, 131, 124, 97, 146, 115, 153, 100, 97]
[16, 13, 15][116, 143, 102, 121, 100, 97, 102, 97, 97, 97, 97, 155, 123, 97, 113, 156, 97, 135, 105, 98, 117, 121, 100, 147, 152, 117, 97, 129, 97, 103, 123, 97]
[17, 13, 15][121, 154, 100, 126, 107, 97, 108, 103, 102, 97, 100, 172, 113, 97, 110, 151, 97, 144, 106, 98, 119, 142, 103, 154, 169, 115, 97, 133, 97, 141, 115, 97]
[15, 14, 15][124, 142, 112, 117, 97, 107, 113, 97, 102, 97, 100, 151, 113, 100, 114, 157, 116, 107, 107, 116, 115, 121, 114, 174, 128, 132, 97, 132, 120, 116, 105, 97]
[16, 14, 15][97, 107, 106, 106, 97, 108, 115, 97, 97, 97, 97, 97, 97, 101, 97, 100, 102, 99, 108, 116, 97, 97, 114, 112, 102, 123, 97, 103, 97, 100, 97, 97]
[17, 14, 15][97, 97, 97, 97, 115, 97, 97, 121, 102, 97, 98, 114, 147, 102, 116, 140, 114, 118, 97, 97, 97, 110, 97, 104, 97, 97, 115, 97, 97, 97, 120, 118]
[18, 14, 15][97, 97, 101, 97, 108, 100, 97, 111, 97, 99, 97, 97, 107, 116, 97, 97, 108, 97, 97, 101, 97, 97, 97, 97, 97, 97, 120, 97, 104, 97, 97, 108]
[14, 15, 15][125, 139, 118, 117, 97, 97, 103, 97, 102, 97, 97, 150, 111, 97, 113, 157, 97, 114, 97, 105, 125, 121, 115, 170, 143, 136, 97, 129, 101, 117, 112, 97]
[15, 15, 15][131, 132, 112, 106, 97, 97, 104, 111, 113, 97, 110, 142, 97, 97, 108, 140, 97, 107, 97, 103, 127, 125, 114, 161, 114, 122, 97, 133, 110, 155, 97, 97]
[16, 15, 15][106, 97, 112, 97, 113, 101, 97, 131, 127, 116, 101, 98, 126, 116, 118, 110, 108, 113, 97, 111, 97, 105, 97, 123, 97, 115, 120, 97, 124, 99, 115, 120]
[17, 15, 15][99, 105, 102, 97, 112, 131, 99, 124, 116, 106, 143, 118, 153, 102, 120, 144, 107, 124, 107, 97, 99, 127, 99, 100, 103, 127, 116, 97, 102, 97, 113, 126]
[13, 16, 15][107, 146, 97, 119, 97, 97, 97, 97, 97, 97, 97, 141, 126, 97, 109, 168, 104, 139, 105, 97, 115, 108, 97, 160, 151, 127, 97, 107, 97, 98, 123, 97]
[14, 16, 15][127, 149, 97, 112, 97, 97, 104, 101, 105, 99, 104, 154, 116, 97, 117, 161, 97, 147, 106, 97, 131, 138, 97, 167, 130, 126, 97, 120, 97, 136, 104, 97]
[17, 16, 15][97, 97, 100, 97, 97, 106, 98, 104, 110, 97, 119, 97, 97, 100, 97, 116, 99, 103, 117, 97, 97, 97, 97, 97, 97, 113, 101, 97, 99, 97, 97, 105]
[18, 16, 15][97, 97, 101, 97, 108, 100, 97, 111, 97, 99, 97, 97, 107, 116, 97, 97, 108, 97, 97, 101, 97, 97, 97, 97, 97, 97, 120, 97, 104, 97, 97, 108]
[13, 17, 15][118, 97, 119, 101, 130, 102, 97, 119, 100, 112, 97, 118, 115, 108, 131, 108, 113, 97, 110, 97, 97, 118, 97, 104, 109, 113, 119, 103, 122, 97, 126, 117]
[14, 17, 15][124, 97, 112, 97, 122, 103, 97, 137, 117, 119, 97, 110, 102, 116, 126, 97, 114, 97, 97, 115, 97, 113, 97, 111, 97, 111, 122, 97, 131, 112, 102, 121]
[15, 17, 15][97, 97, 101, 97, 108, 100, 97, 111, 97, 99, 97, 97, 107, 116, 97, 97, 108, 97, 97, 101, 97, 97, 97, 97, 97, 97, 120, 97, 104, 97, 97, 108]
[17, 17, 15][116, 97, 120, 97, 143, 107, 97, 121, 132, 97, 127, 133, 104, 109, 131, 121, 98, 104, 97, 100, 97, 143, 102, 97, 119, 97, 127, 125, 121, 122, 117, 117]
[18, 17, 15][122, 97, 114, 97, 135, 104, 97, 139, 144, 97, 132, 125, 97, 109, 126, 114, 97, 97, 97, 100, 98, 146, 101, 104, 97, 97, 130, 129, 130, 161, 97, 120]
[13, 18, 15][97, 97, 97, 97, 127, 101, 97, 117, 107, 125, 111, 107, 122, 109, 111, 112, 106, 133, 108, 97, 97, 135, 97, 97, 111, 112, 116, 97, 97, 97, 119, 130]
[14, 18, 15][116, 97, 109, 97, 119, 113, 97, 135, 127, 133, 128, 99, 113, 109, 116, 104, 97, 140, 110, 97, 97, 138, 97, 98, 97, 110, 121, 97, 126, 132, 97, 134]
[17, 18, 15][118, 106, 97, 97, 140, 97, 97, 123, 118, 97, 127, 137, 109, 97, 135, 125, 97, 109, 97, 97, 102, 160, 97, 97, 111, 97, 128, 116, 105, 126, 110, 125]
[12, 20, 15][97, 97, 101, 97, 108, 100, 97, 111, 97, 99, 97, 97, 107, 116, 97, 97, 108, 97, 97, 101, 97, 97, 97, 97, 97, 97, 120, 97, 104, 97, 97, 108]
[18, 20, 15][97, 97, 101, 97, 108, 100, 97, 111, 97, 99, 97, 97, 107, 116, 97, 97, 108, 97, 97, 101, 97, 97, 97, 97, 97, 97, 120, 97, 104, 97, 97, 108]
[10, 22, 15][97, 97, 101, 97, 108, 100, 97, 111, 97, 99, 97, 97, 107, 116, 97, 97, 108, 97, 97, 101, 97, 97, 97, 97, 97, 97, 120, 97, 104, 97, 97, 108]
[15, 29, 15][97, 97, 101, 97, 108, 100, 97, 111, 97, 99, 97, 97, 107, 116, 97, 97, 108, 97, 97, 101, 97, 97, 97, 97, 97, 97, 120, 97, 104, 97, 97, 108]
[17, 12, 16][125, 144, 110, 131, 110, 97, 112, 97, 113, 97, 101, 168, 107, 97, 108, 148, 103, 106, 97, 112, 119, 124, 116, 162, 160, 131, 97, 143, 108, 120, 122, 97]
[18, 12, 16][131, 137, 104, 120, 103, 97, 113, 114, 132, 97, 117, 160, 97, 97, 103, 140, 97, 113, 97, 112, 121, 128, 115, 169, 131, 129, 97, 146, 117, 159, 101, 97]
[16, 13, 16][127, 147, 102, 124, 100, 107, 114, 97, 113, 97, 100, 155, 123, 100, 117, 157, 108, 135, 110, 130, 127, 121, 113, 162, 152, 133, 97, 134, 101, 118, 127, 97]
[17, 13, 16][132, 154, 114, 126, 107, 97, 113, 111, 132, 97, 116, 172, 113, 97, 112, 151, 97, 142, 106, 98, 129, 142, 116, 169, 169, 128, 97, 138, 110, 156, 115, 97]
[19, 13, 16][97, 97, 101, 97, 108, 100, 97, 111, 97, 99, 97, 97, 107, 116, 97, 97, 108, 97, 97, 101, 97, 97, 97, 97, 97, 97, 120, 97, 104, 97, 97, 108]
[15, 14, 16][125, 147, 108, 124, 97, 97, 98, 97, 107, 97, 100, 151, 113, 97, 117, 157, 97, 107, 97, 116, 123, 122, 114, 174, 151, 132, 97, 132, 120, 118, 128, 97]
[16, 14, 16][130, 150, 106, 115, 97, 105, 115, 115, 113, 97, 114, 145, 128, 100, 116, 150, 101, 141, 108, 116, 133, 135, 113, 181, 136, 123, 97, 130, 108, 156, 106, 97]
[17, 14, 16][132, 97, 110, 97, 115, 110, 97, 121, 155, 105, 114, 114, 147, 102, 127, 140, 114, 121, 97, 104, 99, 110, 97, 109, 97, 120, 115, 98, 132, 117, 120, 125]
[18, 14, 16][97, 97, 98, 97, 105, 99, 97, 116, 98, 111, 100, 97, 117, 113, 99, 97, 104, 108, 97, 97, 97, 97, 97, 97, 97, 99, 118, 97, 100, 97, 99, 118]
[14, 15, 16][129, 148, 118, 118, 97, 97, 107, 106, 123, 97, 113, 157, 119, 97, 117, 168, 97, 128, 103, 108, 137, 125, 115, 168, 152, 152, 97, 130, 108, 142, 121, 97]
[15, 15, 16][134, 150, 112, 108, 97, 97, 109, 104, 122, 97, 117, 155, 111, 97, 117, 161, 97, 124, 105, 103, 139, 139, 114, 171, 132, 123, 97, 134, 110, 167, 99, 97]
[16, 15, 16][128, 97, 112, 97, 115, 101, 97, 129, 122, 116, 98, 114, 147, 116, 136, 140, 114, 119, 97, 111, 103, 117, 97, 112, 112, 115, 117, 97, 124, 99, 131, 129]
[17, 15, 16][134, 105, 114, 97, 112, 107, 97, 148, 141, 123, 115, 118, 153, 116, 131, 144, 107, 126, 97, 111, 105, 127, 97, 119, 103, 114, 120, 97, 134, 138, 113, 133]
[13, 16, 16][116, 146, 99, 120, 97, 99, 97, 97, 104, 97, 98, 141, 126, 97, 110, 168, 104, 148, 113, 97, 117, 108, 101, 160, 151, 143, 97, 107, 97, 107, 125, 97]
[14, 16, 16][131, 149, 97, 113, 97, 97, 109, 108, 109, 104, 113, 154, 116, 97, 117, 161, 97, 147, 106, 97, 143, 143, 100, 167, 133, 142, 97, 121, 99, 145, 106, 97]
[17, 16, 16][119, 106, 103, 97, 97, 107, 98, 114, 130, 106, 139, 97, 97, 100, 101, 156, 99, 128, 117, 97, 115, 97, 99, 118, 97, 158, 101, 97, 109, 100, 105, 107]
[4, 17, 16][97, 97, 101, 97, 108, 100, 97, 111, 97, 99, 97, 97, 107, 116, 97, 97, 108, 97, 97, 101, 97, 97, 97, 97, 97, 97, 120, 97, 104, 97, 97, 108]
[13, 17, 16][118, 142, 103, 114, 97, 97, 98, 97, 97, 109, 98, 118, 125, 97, 102, 138, 97, 154, 111, 97, 123, 112, 101, 153, 129, 133, 97, 97, 97, 110, 97, 97]
[14, 17, 16][124, 97, 120, 97, 138, 116, 97, 139, 141, 119, 112, 134, 112, 109, 137, 133, 98, 97, 97, 100, 98, 145, 102, 116, 119, 111, 124, 103, 136, 112, 120, 121]
[15, 17, 16][129, 97, 114, 97, 124, 104, 97, 156, 136, 126, 110, 113, 97, 109, 122, 97, 97, 97, 97, 100, 97, 117, 101, 118, 97, 110, 127, 102, 141, 151, 97, 124]
[17, 17, 16][121, 116, 107, 97, 143, 104, 100, 121, 132, 118, 140, 133, 104, 100, 131, 159, 97, 134, 115, 97, 121, 143, 99, 114, 101, 148, 127, 125, 115, 122, 117, 117]
[11, 18, 16][97, 97, 101, 97, 108, 100, 97, 111, 97, 99, 97, 97, 107, 116, 97, 97, 108, 97, 97, 101, 97, 97, 97, 97, 97, 97, 120, 97, 104, 97, 97, 108]
[17, 18, 16][105, 106, 97, 97, 104, 99, 97, 124, 104, 110, 106, 97, 138, 105, 109, 117, 104, 139, 97, 97, 119, 111, 97, 110, 100, 122, 114, 97, 97, 107, 108, 125]
[21, 8, 17][97, 104, 105, 104, 97, 108, 111, 97, 97, 97, 97, 97, 97, 101, 97, 97, 102, 99, 107, 109, 97, 97, 114, 106, 102, 105, 97, 103, 97, 100, 97, 97]
[17, 12, 17][97, 124, 118, 129, 97, 108, 126, 97, 97, 97, 105, 112, 97, 97, 97, 123, 106, 110, 126, 109, 115, 107, 121, 109, 130, 118, 97, 136, 97, 116, 107, 97]
[18, 12, 17][110, 137, 111, 119, 99, 106, 113, 97, 97, 97, 107, 153, 97, 97, 101, 140, 97, 97, 104, 109, 113, 125, 120, 139, 129, 116, 97, 143, 100, 122, 101, 97]
[16, 13, 17][127, 140, 119, 116, 97, 105, 102, 97, 108, 97, 109, 147, 107, 97, 112, 154, 97, 110, 97, 107, 127, 118, 118, 178, 122, 139, 97, 132, 117, 122, 107, 97]
[17, 13, 17][132, 153, 113, 126, 104, 103, 109, 111, 118, 97, 125, 165, 112, 97, 113, 151, 97, 117, 97, 107, 129, 139, 117, 163, 167, 137, 97, 131, 127, 160, 115, 97]
[19, 13, 17][97, 97, 102, 97, 114, 97, 97, 122, 105, 132, 97, 97, 97, 117, 106, 97, 97, 97, 97, 114, 97, 99, 97, 97, 97, 115, 113, 97, 107, 97, 107, 111]
[15, 14, 17][125, 148, 103, 120, 97, 97, 97, 97, 107, 97, 106, 159, 123, 97, 118, 165, 97, 123, 97, 97, 123, 122, 98, 167, 152, 130, 97, 138, 98, 119, 120, 97]
[16, 14, 17][130, 150, 97, 113, 97, 97, 103, 113, 112, 97, 111, 151, 113, 97, 116, 157, 97, 115, 97, 97, 133, 135, 97, 174, 131, 120, 97, 130, 102, 156, 106, 97]
[17, 14, 17][136, 107, 110, 103, 124, 110, 102, 125, 163, 138, 118, 133, 97, 99, 125, 136, 97, 97, 106, 104, 124, 103, 97, 123, 103, 138, 110, 114, 123, 107, 144, 115]
[18, 14, 17][97, 97, 101, 97, 108, 100, 97, 111, 97, 99, 97, 97, 107, 116, 97, 97, 108, 97, 97, 101, 97, 97, 97, 97, 97, 97, 120, 97, 104, 97, 97, 108]
[14, 15, 17][129, 139, 105, 117, 97, 97, 115, 97, 112, 97, 105, 136, 103, 97, 109, 154, 97, 117, 103, 106, 137, 125, 115, 174, 123, 131, 97, 130, 106, 128, 113, 97]
[15, 15, 17][134, 150, 99, 116, 97, 97, 117, 105, 122, 103, 122, 155, 115, 97, 117, 161, 97, 128, 105, 106, 139, 139, 114, 171, 132, 123, 97, 134, 109, 167, 102, 97]
[16, 15, 17][97, 97, 98, 97, 115, 99, 97, 121, 102, 111, 100, 114, 147, 113, 116, 140, 114, 118, 97, 97, 97, 110, 97, 104, 97, 99, 118, 97, 100, 97, 120, 118]
[17, 15, 17][138, 117, 114, 98, 121, 107, 103, 140, 150, 149, 118, 137, 138, 113, 131, 140, 98, 126, 105, 97, 130, 121, 97, 119, 112, 129, 121, 105, 123, 126, 136, 133]
[13, 16, 17][126, 156, 101, 124, 97, 99, 107, 97, 104, 97, 98, 148, 118, 97, 117, 165, 97, 148, 113, 97, 141, 139, 102, 163, 161, 143, 97, 117, 97, 108, 128, 97]
[14, 16, 17][131, 149, 109, 113, 97, 97, 116, 109, 110, 104, 114, 140, 114, 97, 113, 157, 97, 133, 101, 97, 143, 143, 115, 170, 133, 142, 97, 121, 99, 147, 106, 97]
[15, 16, 17][118, 97, 119, 97, 121, 107, 97, 134, 116, 102, 97, 110, 98, 112, 121, 97, 105, 97, 97, 109, 97, 119, 100, 115, 97, 104, 124, 102, 137, 113, 100, 112]
[18, 16, 17][97, 97, 101, 97, 108, 100, 97, 111, 97, 99, 97, 97, 107, 116, 97, 97, 108, 97, 97, 101, 97, 97, 97, 97, 97, 97, 120, 97, 104, 97, 97, 108]
[14, 17, 17][124, 97, 110, 97, 138, 107, 97, 139, 126, 117, 103, 134, 113, 116, 137, 133, 114, 97, 97, 115, 98, 145, 97, 116, 115, 101, 122, 103, 127, 126, 120, 119]
[15, 17, 17][124, 97, 103, 97, 130, 105, 97, 157, 132, 105, 97, 126, 104, 113, 132, 125, 98, 97, 97, 97, 100, 149, 97, 123, 97, 97, 124, 106, 125, 150, 98, 115]
[17, 17, 17][122, 116, 107, 97, 115, 112, 99, 117, 147, 118, 140, 97, 101, 117, 106, 159, 109, 139, 127, 120, 142, 104, 99, 114, 97, 148, 117, 101, 115, 121, 107, 116]
[18, 17, 17][127, 97, 110, 97, 114, 110, 100, 132, 166, 110, 137, 97, 97, 117, 118, 108, 97, 147, 129, 120, 144, 107, 97, 103, 97, 132, 123, 105, 128, 160, 97, 122]
[13, 18, 17][97, 97, 101, 97, 108, 100, 97, 111, 97, 99, 97, 97, 107, 116, 97, 97, 108, 97, 97, 101, 97, 97, 97, 97, 97, 97, 120, 97, 104, 97, 97, 108]
[17, 18, 17][97, 97, 101, 97, 112, 99, 97, 124, 104, 115, 106, 97, 138, 117, 109, 117, 104, 126, 97, 106, 97, 97, 97, 104, 97, 98, 118, 97, 105, 97, 108, 125]
[17, 12, 18][97, 129, 107, 142, 97, 118, 131, 97, 109, 97, 105, 106, 97, 97, 97, 104, 97, 131, 148, 97, 131, 111, 116, 98, 131, 103, 97, 140, 97, 116, 124, 97]
[18, 12, 18][99, 117, 101, 118, 97, 116, 128, 97, 114, 97, 121, 98, 97, 97, 97, 97, 97, 120, 128, 97, 117, 110, 115, 105, 100, 102, 97, 140, 97, 154, 97, 97]
[16, 13, 18][126, 124, 116, 125, 97, 106, 109, 97, 97, 97, 109, 133, 103, 97, 97, 128, 104, 97, 97, 106, 114, 97, 117, 143, 116, 139, 97, 137, 112, 120, 110, 97]
[15, 14, 18][97, 140, 97, 132, 98, 97, 104, 97, 97, 97, 97, 145, 128, 97, 101, 139, 113, 133, 98, 97, 106, 106, 97, 140, 153, 101, 97, 124, 97, 99, 125, 97]
[16, 14, 18][99, 134, 97, 121, 97, 97, 106, 103, 102, 97, 101, 137, 118, 97, 97, 132, 97, 140, 100, 97, 108, 110, 97, 147, 125, 99, 97, 128, 97, 138, 103, 97]
[17, 14, 18][97, 97, 108, 97, 114, 102, 97, 122, 113, 104, 110, 97, 101, 115, 107, 160, 112, 97, 133, 117, 98, 103, 97, 100, 97, 132, 122, 98, 119, 100, 113, 112]
[29, 14, 18][97, 104, 105, 104, 97, 108, 111, 97, 97, 97, 97, 97, 97, 101, 97, 97, 102, 99, 107, 109, 97, 97, 114, 106, 102, 105, 97, 103, 97, 100, 97, 97]
[14, 15, 18][124, 131, 112, 111, 97, 102, 119, 101, 115, 103, 100, 136, 103, 97, 109, 154, 97, 112, 102, 122, 113, 103, 114, 174, 112, 138, 97, 128, 106, 128, 108, 97]
[15, 15, 18][97, 104, 105, 104, 97, 108, 111, 97, 97, 97, 97, 97, 97, 101, 97, 97, 102, 99, 107, 109, 97, 97, 114, 106, 102, 105, 97, 103, 97, 100, 97, 97]
[16, 15, 18][97, 97, 102, 104, 115, 97, 97, 121, 102, 97, 98, 114, 147, 102, 116, 171, 121, 118, 130, 103, 102, 110, 97, 104, 113, 124, 115, 97, 97, 97, 128, 118]
[17, 15, 18][138, 117, 98, 110, 121, 104, 112, 127, 150, 149, 118, 137, 97, 97, 129, 164, 105, 106, 131, 127, 130, 117, 106, 124, 112, 165, 101, 105, 102, 110, 136, 123]
[13, 16, 18][121, 148, 101, 118, 97, 111, 110, 97, 97, 97, 97, 148, 118, 100, 117, 165, 109, 110, 109, 123, 117, 117, 114, 163, 150, 126, 97, 115, 102, 97, 122, 97]
[14, 16, 18][112, 122, 115, 111, 97, 99, 120, 97, 97, 115, 97, 115, 113, 97, 97, 111, 97, 144, 103, 108, 114, 102, 115, 131, 113, 128, 97, 100, 97, 105, 97, 97]
[17, 16, 18][103, 114, 102, 106, 97, 101, 114, 97, 97, 121, 97, 97, 97, 97, 97, 102, 97, 111, 110, 113, 116, 97, 106, 120, 97, 155, 97, 97, 97, 98, 97, 97]
[13, 17, 18][97, 104, 105, 104, 97, 108, 111, 97, 97, 97, 97, 97, 97, 101, 97, 97, 102, 99, 107, 109, 97, 97, 114, 106, 102, 105, 97, 103, 97, 100, 97, 97]
[14, 17, 18][124, 97, 106, 97, 136, 97, 97, 132, 122, 117, 97, 116, 97, 106, 130, 98, 97, 97, 97, 97, 97, 126, 97, 107, 97, 101, 127, 106, 127, 112, 110, 119]
[17, 17, 18][105, 123, 105, 109, 97, 99, 115, 97, 97, 132, 97, 98, 114, 97, 97, 105, 97, 145, 108, 100, 122, 97, 107, 132, 111, 145, 97, 97, 97, 103, 97, 97]
[30, 24, 18][97, 104, 105, 104, 97, 108, 111, 97, 97, 97, 97, 97, 97, 101, 97, 97, 102, 99, 107, 109, 97, 97, 114, 106, 102, 105, 97, 103, 97, 100, 97, 97]
[8, 7, 19][97, 97, 101, 97, 108, 100, 97, 111, 97, 99, 97, 97, 107, 116, 97, 97, 108, 97, 97, 101, 97, 97, 97, 97, 97, 97, 120, 97, 104, 97, 97, 108]
[18, 12, 19][97, 104, 105, 104, 97, 108, 111, 97, 97, 97, 97, 97, 97, 101, 97, 97, 102, 99, 107, 109, 97, 97, 114, 106, 102, 105, 97, 103, 97, 100, 97, 97]
[17, 13, 19][97, 117, 97, 112, 97, 97, 102, 97, 97, 97, 97, 110, 109, 97, 97, 100, 99, 117, 99, 97, 97, 97, 103, 126, 114, 104, 97, 107, 97, 100, 97, 97]
[15, 14, 19][97, 104, 105, 104, 97, 108, 111, 97, 97, 97, 97, 97, 97, 101, 97, 97, 102, 99, 107, 109, 97, 97, 114, 106, 102, 105, 97, 103, 97, 100, 97, 97]
[17, 14, 19][105, 97, 117, 97, 114, 126, 97, 122, 105, 104, 97, 102, 101, 115, 107, 97, 97, 97, 97, 107, 97, 103, 107, 119, 97, 126, 122, 100, 126, 105, 97, 112]
[15, 15, 19][97, 117, 108, 112, 97, 105, 112, 97, 97, 98, 97, 110, 109, 101, 97, 100, 99, 117, 105, 97, 97, 97, 114, 126, 114, 104, 97, 107, 97, 103, 97, 97]
[17, 15, 19][97, 97, 112, 97, 111, 100, 97, 124, 116, 143, 105, 99, 115, 115, 111, 97, 97, 120, 104, 97, 97, 120, 97, 97, 97, 102, 123, 97, 109, 103, 124, 128]
[13, 16, 19][97, 104, 105, 104, 97, 108, 111, 97, 97, 97, 97, 97, 97, 101, 97, 97, 102, 99, 107, 109, 97, 97, 114, 106, 102, 105, 97, 103, 97, 100, 97, 97]
[17, 16, 19][97, 97, 101, 97, 108, 100, 97, 111, 97, 99, 97, 97, 107, 116, 97, 97, 108, 97, 97, 101, 97, 97, 97, 97, 97, 97, 120, 97, 104, 97, 97, 108]
[14, 17, 19][109, 97, 103, 97, 136, 97, 97, 124, 111, 98, 97, 119, 125, 106, 120, 121, 106, 97, 97, 97, 97, 126, 97, 97, 100, 97, 127, 106, 121, 112, 120, 112]
[16, 17, 19][97, 97, 101, 97, 108, 100, 97, 111, 97, 99, 97, 97, 107, 116, 97, 97, 108, 97, 97, 101, 97, 97, 97, 97, 97, 97, 120, 97, 104, 97, 97, 108]
[17, 17, 19][97, 97, 107, 97, 116, 102, 98, 100, 107, 97, 108, 97, 117, 116, 98, 137, 123, 97, 133, 103, 97, 102, 97, 97, 117, 100, 116, 97, 97, 97, 116, 105]
[18, 17, 19][97, 97, 101, 97, 108, 100, 97, 111, 97, 99, 97, 97, 107, 116, 97, 97, 108, 97, 97, 101, 97, 97, 97, 97, 97, 97, 120, 97, 104, 97, 97, 108]
[14, 18, 19][97, 97, 101, 97, 108, 100, 97, 111, 97, 99, 97, 97, 107, 116, 97, 97, 108, 97, 97, 101, 97, 97, 97, 97, 97, 97, 120, 97, 104, 97, 97, 108]
[17, 18, 19][97, 97, 111, 97, 123, 100, 99, 115, 100, 104, 108, 110, 130, 117, 111, 140, 117, 99, 131, 97, 102, 119, 97, 97, 126, 97, 117, 97, 97, 97, 123, 113]
[13, 22, 19][97, 97, 101, 97, 108, 100, 97, 111, 97, 99, 97, 97, 107, 116, 97, 97, 108, 97, 97, 101, 97, 97, 97, 97, 97, 97, 120, 97, 104, 97, 97, 108]
[18, 11, 20][97, 104, 105, 104, 97, 108, 111, 97, 97, 97, 97, 97, 97, 101, 97, 97, 102, 99, 107, 109, 97, 97, 114, 106, 102, 105, 97, 103, 97, 100, 97, 97]
[17, 12, 20][97, 104, 105, 104, 97, 108, 111, 97, 97, 97, 97, 97, 97, 101, 97, 97, 102, 99, 107, 109, 97, 97, 114, 106, 102, 105, 97, 103, 97, 100, 97, 97]
[18, 12, 20][97, 104, 105, 104, 97, 108, 111, 97, 97, 97, 97, 97, 97, 101, 97, 97, 102, 99, 107, 109, 97, 97, 114, 106, 102, 105, 97, 103, 97, 100, 97, 97]
[16, 13, 20][115, 116, 111, 108, 97, 111, 122, 97, 97, 97, 117, 111, 97, 100, 97, 109, 109, 97, 109, 123, 107, 97, 121, 111, 102, 116, 97, 123, 103, 124, 97, 97]
[19, 13, 20][97, 97, 101, 97, 108, 100, 97, 111, 97, 99, 97, 97, 107, 116, 97, 97, 108, 97, 97, 101, 97, 97, 97, 97, 97, 97, 120, 97, 104, 97, 97, 108]
[16, 14, 20][97, 104, 105, 104, 97, 108, 111, 97, 97, 97, 97, 97, 97, 101, 97, 97, 102, 99, 107, 109, 97, 97, 114, 106, 102, 105, 97, 103, 97, 100, 97, 97]
[17, 14, 20][97, 97, 101, 97, 108, 100, 97, 111, 97, 99, 97, 97, 107, 116, 97, 97, 108, 97, 97, 101, 97, 97, 97, 97, 97, 97, 120, 97, 104, 97, 97, 108]
[14, 15, 20][97, 104, 105, 104, 97, 108, 111, 97, 97, 97, 97, 97, 97, 101, 97, 97, 102, 99, 107, 109, 97, 97, 114, 106, 102, 105, 97, 103, 97, 100, 97, 97]
[15, 15, 20][110, 117, 117, 100, 97, 106, 113, 102, 97, 97, 109, 128, 97, 101, 97, 120, 97, 106, 108, 109, 97, 105, 125, 121, 106, 106, 97, 125, 112, 138, 97, 97]
[13, 16, 20][97, 104, 105, 104, 97, 108, 111, 97, 97, 97, 97, 97, 97, 101, 97, 97, 102, 99, 107, 109, 97, 97, 114, 106, 102, 105, 97, 103, 97, 100, 97, 97]
[17, 16, 20][97, 104, 105, 104, 97, 108, 111, 97, 97, 97, 97, 97, 97, 101, 97, 97, 102, 99, 107, 109, 97, 97, 114, 106, 102, 105, 97, 103, 97, 100, 97, 97]
[14, 17, 20][97, 97, 103, 97, 115, 105, 97, 113, 102, 97, 97, 97, 104, 113, 101, 97, 98, 97, 97, 97, 97, 97, 97, 97, 97, 97, 124, 97, 112, 97, 97, 112]
[18, 17, 20][97, 97, 97, 97, 107, 97, 97, 119, 106, 110, 107, 97, 137, 105, 110, 116, 106, 124, 97, 97, 97, 97, 97, 99, 97, 97, 117, 97, 97, 97, 111, 126]
[16, 18, 20][97, 97, 101, 97, 108, 100, 97, 111, 97, 99, 97, 97, 107, 116, 97, 97, 108, 97, 97, 101, 97, 97, 97, 97, 97, 97, 120, 97, 104, 97, 97, 108]
[22, 30, 20][97, 97, 101, 97, 108, 100, 97, 111, 97, 99, 97, 97, 107, 116, 97, 97, 108, 97, 97, 101, 97, 97, 97, 97, 97, 97, 120, 97, 104, 97, 97, 108]
[17, 12, 21][97, 110, 106, 107, 97, 108, 115, 97, 97, 97, 110, 103, 97, 101, 97, 100, 102, 99, 110, 109, 97, 97, 119, 106, 102, 105, 97, 115, 97, 116, 97, 97]
[18, 12, 21][127, 120, 108, 104, 97, 116, 117, 97, 108, 97, 134, 97, 97, 101, 97, 107, 102, 140, 113, 109, 118, 97, 118, 110, 102, 132, 97, 119, 106, 154, 97, 97]
[16, 14, 21][117, 126, 115, 116, 97, 107, 123, 97, 97, 97, 117, 115, 97, 97, 97, 113, 97, 127, 114, 97, 113, 114, 121, 114, 115, 106, 97, 118, 97, 127, 97, 97]
[17, 14, 21][97, 97, 97, 101, 97, 102, 101, 106, 109, 97, 107, 97, 97, 97, 97, 113, 97, 111, 125, 97, 110, 97, 97, 97, 97, 116, 97, 99, 97, 97, 97, 100]
[14, 15, 21][121, 129, 112, 101, 97, 108, 111, 100, 111, 97, 108, 141, 97, 100, 103, 137, 97, 101, 110, 123, 109, 107, 113, 160, 112, 123, 97, 119, 111, 135, 97, 97]
[16, 15, 21][97, 97, 101, 97, 108, 100, 97, 111, 97, 99, 97, 97, 107, 116, 97, 97, 108, 97, 97, 101, 97, 97, 97, 97, 97, 97, 120, 97, 104, 97, 97, 108]
[17, 15, 21][97, 97, 103, 97, 115, 105, 97, 130, 112, 106, 104, 97, 104, 116, 101, 97, 98, 98, 97, 101, 97, 97, 97, 97, 97, 97, 124, 97, 113, 129, 97, 112]
[13, 16, 21][97, 107, 106, 108, 97, 111, 115, 97, 97, 97, 97, 97, 97, 100, 97, 100, 109, 97, 109, 123, 97, 97, 114, 112, 100, 123, 97, 112, 102, 97, 97, 97]
[13, 17, 21][97, 104, 105, 104, 97, 108, 111, 97, 97, 97, 97, 97, 97, 101, 97, 97, 102, 99, 107, 109, 97, 97, 114, 106, 102, 105, 97, 103, 97, 100, 97, 97]
[14, 17, 21][97, 97, 103, 97, 115, 105, 97, 116, 102, 111, 100, 97, 117, 113, 101, 97, 104, 108, 97, 97, 97, 97, 97, 97, 97, 99, 124, 97, 112, 97, 99, 118]
[17, 17, 21][97, 97, 97, 97, 113, 97, 109, 100, 117, 127, 97, 97, 97, 102, 97, 97, 98, 97, 133, 114, 112, 102, 97, 97, 97, 113, 102, 97, 97, 97, 115, 104]
[18, 17, 21][97, 97, 101, 97, 108, 100, 97, 111, 97, 99, 97, 97, 107, 116, 97, 97, 108, 97, 97, 101, 97, 97, 97, 97, 97, 97, 120, 97, 104, 97, 97, 108]
[27, 17, 21][97, 104, 105, 104, 97, 108, 111, 97, 97, 97, 97, 97, 97, 101, 97, 97, 102, 99, 107, 109, 97, 97, 114, 106, 102, 105, 97, 103, 97, 100, 97, 97]
[17, 18, 21][97, 97, 98, 97, 110, 99, 110, 116, 104, 139, 100, 97, 117, 113, 102, 98, 104, 108, 131, 100, 118, 119, 97, 97, 98, 103, 118, 97, 100, 100, 107, 118]
[11, 20, 21][97, 97, 101, 97, 108, 100, 97, 111, 97, 99, 97, 97, 107, 116, 97, 97, 108, 97, 97, 101, 97, 97, 97, 97, 97, 97, 120, 97, 104, 97, 97, 108]
[13, 20, 21][97, 97, 101, 97, 108, 100, 97, 111, 97, 99, 97, 97, 107, 116, 97, 97, 108, 97, 97, 101, 97, 97, 97, 97, 97, 97, 120, 97, 104, 97, 97, 108]
[14, 20, 21][97, 97, 101, 97, 108, 100, 97, 111, 97, 99, 97, 97, 107, 116, 97, 97, 108, 97, 97, 101, 97, 97, 97, 97, 97, 97, 120, 97, 104, 97, 97, 108]
[13, 27, 21][97, 97, 101, 97, 108, 100, 97, 111, 97, 99, 97, 97, 107, 116, 97, 97, 108, 97, 97, 101, 97, 97, 97, 97, 97, 97, 120, 97, 104, 97, 97, 108]
[23, 2, 22][97, 97, 101, 97, 108, 100, 97, 111, 97, 99, 97, 97, 107, 116, 97, 97, 108, 97, 97, 101, 97, 97, 97, 97, 97, 97, 120, 97, 104, 97, 97, 108]
[18, 5, 22][97, 97, 101, 97, 108, 100, 97, 111, 97, 99, 97, 97, 107, 116, 97, 97, 108, 97, 97, 101, 97, 97, 97, 97, 97, 97, 120, 97, 104, 97, 97, 108]
[17, 12, 22][97, 104, 105, 104, 97, 108, 111, 97, 97, 97, 97, 97, 97, 101, 97, 97, 102, 99, 107, 109, 97, 97, 114, 106, 102, 105, 97, 103, 97, 100, 97, 97]
[16, 13, 22][97, 104, 105, 104, 97, 108, 111, 97, 97, 97, 97, 97, 97, 101, 97, 97, 102, 99, 107, 109, 97, 97, 114, 106, 102, 105, 97, 103, 97, 100, 97, 97]
[17, 13, 22][97, 117, 97, 112, 97, 97, 102, 97, 97, 97, 97, 110, 109, 97, 97, 100, 99, 117, 99, 97, 97, 97, 103, 126, 114, 104, 97, 107, 97, 100, 97, 97]
[15, 14, 22][108, 114, 114, 104, 97, 107, 112, 97, 97, 97, 108, 124, 97, 97, 97, 116, 97, 97, 97, 123, 97, 97, 125, 125, 102, 116, 97, 134, 122, 120, 97, 97]
[17, 14, 22][97, 97, 101, 101, 108, 102, 101, 111, 109, 99, 107, 97, 107, 116, 97, 113, 108, 111, 125, 101, 110, 97, 97, 97, 97, 116, 120, 99, 104, 97, 97, 108]
[14, 15, 22][97, 104, 105, 104, 97, 108, 111, 97, 97, 97, 97, 97, 97, 101, 97, 97, 102, 99, 107, 109, 97, 97, 114, 106, 102, 105, 97, 103, 97, 100, 97, 97]
[15, 15, 22][110, 117, 117, 100, 97, 106, 113, 102, 97, 97, 109, 128, 97, 101, 97, 120, 97, 106, 108, 109, 97, 105, 125, 121, 106, 106, 97, 125, 112, 138, 97, 97]
[16, 15, 22][97, 97, 110, 97, 123, 107, 97, 115, 100, 99, 97, 110, 130, 116, 111, 126, 114, 99, 102, 101, 97, 114, 97, 97, 115, 97, 121, 97, 104, 97, 123, 110]
[17, 15, 22][101, 97, 105, 97, 121, 97, 97, 133, 118, 111, 104, 120, 141, 117, 129, 137, 101, 111, 103, 97, 97, 121, 97, 118, 97, 97, 121, 97, 98, 126, 120, 121]
[12, 17, 22][97, 97, 101, 97, 108, 100, 97, 111, 97, 99, 97, 97, 107, 116, 97, 97, 108, 97, 97, 101, 97, 97, 97, 97, 97, 97, 120, 97, 104, 97, 97, 108]
[14, 17, 22][97, 97, 101, 97, 108, 100, 97, 111, 97, 99, 97, 97, 107, 116, 97, 97, 108, 97, 97, 101, 97, 97, 97, 97, 97, 97, 120, 97, 104, 97, 97, 108]
[15, 17, 22][99, 97, 101, 97, 112, 113, 97, 103, 118, 97, 127, 97, 97, 97, 103, 97, 97, 101, 97, 97, 97, 97, 97, 97, 97, 97, 123, 101, 113, 109, 97, 119]
[17, 17, 22][110, 97, 106, 101, 130, 97, 97, 121, 100, 105, 97, 128, 133, 108, 134, 123, 113, 100, 110, 97, 97, 118, 97, 115, 113, 97, 119, 103, 108, 97, 126, 124]
[18, 17, 22][115, 97, 101, 97, 120, 100, 97, 139, 131, 107, 116, 120, 123, 116, 130, 116, 108, 110, 97, 104, 97, 111, 97, 122, 97, 108, 122, 97, 119, 123, 104, 128]
[17, 18, 22][97, 97, 101, 97, 108, 100, 97, 111, 97, 99, 97, 97, 107, 116, 97, 97, 108, 97, 97, 101, 97, 97, 97, 97, 97, 97, 120, 97, 104, 97, 97, 108]
[13, 19, 22][97, 97, 101, 97, 108, 100, 97, 111, 97, 99, 97, 97, 107, 116, 97, 97, 108, 97, 97, 101, 97, 97, 97, 97, 97, 97, 120, 97, 104, 97, 97, 108]
[9, 21, 22][97, 97, 101, 97, 108, 100, 97, 111, 97, 99, 97, 97, 107, 116, 97, 97, 108, 97, 97, 101, 97, 97, 97, 97, 97, 97, 120, 97, 104, 97, 97, 108]
[20, 3, 23][97, 104, 105, 104, 97, 108, 111, 97, 97, 97, 97, 97, 97, 101, 97, 97, 102, 99, 107, 109, 97, 97, 114, 106, 102, 105, 97, 103, 97, 100, 97, 97]
[8, 6, 23][97, 104, 105, 104, 97, 108, 111, 97, 97, 97, 97, 97, 97, 101, 97, 97, 102, 99, 107, 109, 97, 97, 114, 106, 102, 105, 97, 103, 97, 100, 97, 97]
[8, 7, 23][97, 104, 105, 104, 97, 108, 111, 97, 97, 97, 97, 97, 97, 101, 97, 97, 102, 99, 107, 109, 97, 97, 114, 106, 102, 105, 97, 103, 97, 100, 97, 97]
[2, 8, 23][97, 107, 106, 106, 97, 105, 115, 97, 97, 97, 97, 97, 97, 100, 97, 100, 101, 97, 108, 116, 97, 97, 113, 112, 100, 123, 97, 101, 97, 97, 97, 97]
[18, 9, 23][97, 104, 105, 104, 97, 108, 111, 97, 97, 97, 97, 97, 97, 101, 97, 97, 102, 99, 107, 109, 97, 97, 114, 106, 102, 105, 97, 103, 97, 100, 97, 97]
[14, 11, 23][97, 104, 105, 104, 97, 108, 111, 97, 97, 97, 97, 97, 97, 101, 97, 97, 102, 99, 107, 109, 97, 97, 114, 106, 102, 105, 97, 103, 97, 100, 97, 97]
[19, 11, 23][97, 104, 105, 104, 97, 108, 111, 97, 97, 97, 97, 97, 97, 101, 97, 97, 102, 99, 107, 109, 97, 97, 114, 106, 102, 105, 97, 103, 97, 100, 97, 97]
[17, 12, 23][110, 113, 117, 104, 97, 108, 111, 97, 97, 97, 97, 109, 97, 101, 97, 120, 102, 99, 107, 122, 102, 97, 118, 135, 102, 138, 97, 103, 107, 102, 97, 97]
[19, 12, 23][97, 104, 105, 104, 97, 108, 111, 97, 97, 97, 97, 97, 97, 101, 97, 97, 102, 99, 107, 109, 97, 97, 114, 106, 102, 105, 97, 103, 97, 100, 97, 97]
[15, 13, 23][97, 104, 105, 104, 97, 108, 111, 97, 97, 97, 97, 97, 97, 101, 97, 97, 102, 99, 107, 109, 97, 97, 114, 106, 102, 105, 97, 103, 97, 100, 97, 97]
[15, 14, 23][97, 129, 115, 118, 97, 108, 111, 97, 97, 97, 97, 109, 123, 101, 97, 120, 111, 144, 105, 97, 106, 97, 115, 136, 140, 101, 97, 107, 97, 102, 102, 97]
[17, 14, 23][118, 97, 119, 97, 124, 103, 97, 134, 125, 102, 97, 116, 135, 116, 125, 133, 108, 106, 97, 107, 97, 119, 100, 122, 97, 104, 124, 97, 137, 113, 127, 113]
[16, 15, 23][97, 97, 101, 97, 108, 100, 97, 111, 97, 99, 97, 97, 107, 116, 97, 97, 108, 97, 97, 101, 97, 97, 97, 97, 97, 97, 120, 97, 104, 97, 97, 108]
[18, 15, 23][97, 97, 101, 97, 108, 100, 97, 111, 97, 99, 97, 97, 107, 116, 97, 97, 108, 97, 97, 101, 97, 97, 97, 97, 97, 97, 120, 97, 104, 97, 97, 108]
[13, 16, 23][97, 104, 105, 104, 97, 108, 111, 97, 97, 97, 97, 97, 97, 101, 97, 97, 102, 99, 107, 109, 97, 97, 114, 106, 102, 105, 97, 103, 97, 100, 97, 97]
[16, 16, 23][97, 97, 101, 97, 108, 100, 97, 111, 97, 99, 97, 97, 107, 116, 97, 97, 108, 97, 97, 101, 97, 97, 97, 97, 97, 97, 120, 97, 104, 97, 97, 108]
[17, 16, 23][97, 104, 105, 104, 97, 108, 111, 97, 97, 97, 97, 97, 97, 101, 97, 97, 102, 99, 107, 109, 97, 97, 114, 106, 102, 105, 97, 103, 97, 100, 97, 97]
[14, 17, 23][97, 97, 101, 97, 108, 100, 97, 111, 97, 99, 97, 97, 107, 116, 97, 97, 108, 97, 97, 101, 97, 97, 97, 97, 97, 97, 120, 97, 104, 97, 97, 108]
[17, 17, 23][97, 97, 101, 97, 108, 100, 97, 111, 97, 99, 97, 97, 107, 116, 97, 97, 108, 97, 97, 101, 97, 97, 97, 97, 97, 97, 120, 97, 104, 97, 97, 108]
[6, 18, 23][97, 104, 105, 104, 97, 108, 111, 97, 97, 97, 97, 97, 97, 101, 97, 97, 102, 99, 107, 109, 97, 97, 114, 106, 102, 105, 97, 103, 97, 100, 97, 97]
[21, 19, 23][97, 104, 105, 104, 97, 108, 111, 97, 97, 97, 97, 97, 97, 101, 97, 97, 102, 99, 107, 109, 97, 97, 114, 106, 102, 105, 97, 103, 97, 100, 97, 97]
[0, 29, 23][97, 104, 105, 104, 97, 108, 111, 97, 97, 97, 97, 97, 97, 101, 97, 97, 102, 99, 107, 109, 97, 97, 114, 106, 102, 105, 97, 103, 97, 100, 97, 97]
[7, 1, 24][97, 104, 105, 104, 97, 108, 111, 97, 97, 97, 97, 97, 97, 101, 97, 97, 102, 99, 107, 109, 97, 97, 114, 106, 102, 105, 97, 103, 97, 100, 97, 97]
[23, 2, 24][97, 104, 105, 104, 97, 108, 111, 97, 97, 97, 97, 97, 97, 101, 97, 97, 102, 99, 107, 109, 97, 97, 114, 106, 102, 105, 97, 103, 97, 100, 97, 97]
[4, 5, 24][97, 104, 105, 104, 97, 108, 111, 97, 97, 97, 97, 97, 97, 101, 97, 97, 102, 99, 107, 109, 97, 97, 114, 106, 102, 105, 97, 103, 97, 100, 97, 97]
[8, 6, 24][97, 97, 101, 97, 108, 100, 97, 111, 97, 99, 97, 97, 107, 116, 97, 97, 108, 97, 97, 101, 97, 97, 97, 97, 97, 97, 120, 97, 104, 97, 97, 108]
[1, 7, 24][97, 104, 105, 104, 97, 108, 111, 97, 97, 97, 97, 97, 97, 101, 97, 97, 102, 99, 107, 109, 97, 97, 114, 106, 102, 105, 97, 103, 97, 100, 97, 97]
[5, 7, 24][97, 104, 105, 104, 97, 108, 111, 97, 97, 97, 97, 97, 97, 101, 97, 97, 102, 99, 107, 109, 97, 97, 114, 106, 102, 105, 97, 103, 97, 100, 97, 97]
[21, 11, 24][97, 104, 105, 104, 97, 108, 111, 97, 97, 97, 97, 97, 97, 101, 97, 97, 102, 99, 107, 109, 97, 97, 114, 106, 102, 105, 97, 103, 97, 100, 97, 97]
[19, 12, 24][97, 104, 105, 104, 97, 108, 111, 97, 97, 97, 97, 97, 97, 101, 97, 97, 102, 99, 107, 109, 97, 97, 114, 106, 102, 105, 97, 103, 97, 100, 97, 97]
[17, 13, 24][97, 104, 105, 104, 97, 108, 111, 97, 97, 97, 97, 97, 97, 101, 97, 97, 102, 99, 107, 109, 97, 97, 114, 106, 102, 105, 97, 103, 97, 100, 97, 97]
[17, 14, 24][118, 97, 119, 97, 121, 103, 97, 134, 111, 102, 97, 110, 107, 116, 121, 97, 108, 97, 97, 107, 97, 119, 100, 115, 97, 104, 124, 97, 137, 113, 97, 112]
[19, 14, 24][97, 104, 105, 104, 97, 108, 111, 97, 97, 97, 97, 97, 97, 101, 97, 97, 102, 99, 107, 109, 97, 97, 114, 106, 102, 105, 97, 103, 97, 100, 97, 97]
[14, 15, 24][97, 104, 105, 104, 97, 108, 111, 97, 97, 97, 97, 97, 97, 101, 97, 97, 102, 99, 107, 109, 97, 97, 114, 106, 102, 105, 97, 103, 97, 100, 97, 97]
[16, 16, 24][97, 97, 101, 97, 108, 100, 97, 111, 97, 99, 97, 97, 107, 116, 97, 97, 108, 97, 97, 101, 97, 97, 97, 97, 97, 97, 120, 97, 104, 97, 97, 108]
[13, 17, 24][97, 97, 101, 97, 108, 100, 97, 111, 97, 99, 97, 97, 107, 116, 97, 97, 108, 97, 97, 101, 97, 97, 97, 97, 97, 97, 120, 97, 104, 97, 97, 108]
[14, 17, 24][97, 97, 101, 97, 108, 100, 97, 111, 97, 99, 97, 97, 107, 116, 97, 97, 108, 97, 97, 101, 97, 97, 97, 97, 97, 97, 120, 97, 104, 97, 97, 108]
[17, 17, 24][97, 104, 105, 104, 97, 108, 111, 97, 97, 97, 97, 97, 97, 101, 97, 97, 102, 99, 107, 109, 97, 97, 114, 106, 102, 105, 97, 103, 97, 100, 97, 97]
[18, 17, 24][112, 97, 113, 97, 115, 106, 97, 130, 117, 107, 104, 97, 98, 116, 116, 97, 97, 98, 97, 101, 97, 109, 100, 104, 97, 99, 123, 97, 126, 129, 97, 115]
[9, 21, 24][97, 104, 105, 104, 97, 108, 111, 97, 97, 97, 97, 97, 97, 101, 97, 97, 102, 99, 107, 109, 97, 97, 114, 106, 102, 105, 97, 103, 97, 100, 97, 97]
[23, 2, 25][97, 104, 105, 104, 97, 108, 111, 105, 103, 97, 106, 97, 97, 101, 97, 122, 102, 99, 123, 109, 97, 97, 114, 106, 102, 107, 103, 103, 100, 100, 97, 98]
[29, 3, 25][97, 104, 105, 104, 97, 108, 111, 97, 97, 97, 97, 97, 97, 101, 97, 97, 102, 99, 107, 109, 97, 97, 114, 106, 102, 105, 97, 103, 97, 100, 97, 97]
[14, 11, 25][97, 97, 101, 97, 108, 100, 97, 111, 97, 99, 97, 97, 107, 116, 97, 97, 108, 97, 97, 101, 97, 97, 97, 97, 97, 97, 120, 97, 104, 97, 97, 108]
[27, 11, 25][97, 104, 105, 104, 97, 108, 111, 97, 97, 97, 97, 97, 97, 101, 97, 97, 102, 99, 107, 109, 97, 97, 114, 106, 102, 105, 97, 103, 97, 100, 97, 97]
[14, 15, 25][97, 112, 97, 105, 97, 109, 103, 97, 97, 103, 103, 97, 97, 97, 97, 97, 97, 150, 114, 97, 105, 97, 104, 109, 98, 126, 97, 97, 97, 112, 97, 98]
[16, 15, 25][97, 97, 101, 97, 108, 100, 97, 111, 97, 99, 97, 97, 107, 116, 97, 97, 108, 97, 97, 101, 97, 97, 97, 97, 97, 97, 120, 97, 104, 97, 97, 108]
[16, 16, 25][97, 97, 101, 97, 108, 100, 97, 111, 97, 99, 97, 97, 107, 116, 97, 97, 108, 97, 97, 101, 97, 97, 97, 97, 97, 97, 120, 97, 104, 97, 97, 108]
[9, 17, 25][97, 97, 101, 97, 108, 100, 97, 111, 97, 99, 97, 97, 107, 116, 97, 97, 108, 97, 97, 101, 97, 97, 97, 97, 97, 97, 120, 97, 104, 97, 97, 108]
[17, 17, 25][103, 97, 97, 97, 134, 97, 97, 113, 115, 97, 109, 109, 98, 102, 115, 97, 97, 97, 97, 97, 97, 117, 97, 97, 97, 97, 128, 110, 114, 109, 106, 115]
[19, 13, 26][97, 97, 101, 97, 108, 100, 97, 111, 97, 99, 97, 97, 107, 116, 97, 97, 108, 97, 97, 101, 97, 97, 97, 97, 97, 97, 120, 97, 104, 97, 97, 108]
[17, 14, 26][97, 97, 101, 97, 108, 100, 97, 111, 97, 99, 97, 97, 107, 116, 97, 97, 108, 97, 97, 101, 97, 97, 97, 97, 97, 97, 120, 97, 104, 97, 97, 108]
[18, 14, 26][97, 97, 101, 97, 108, 100, 97, 111, 97, 99, 97, 97, 107, 116, 97, 97, 108, 97, 97, 101, 97, 97, 97, 97, 97, 97, 120, 97, 104, 97, 97, 108]
[16, 15, 26][106, 97, 112, 97, 111, 101, 97, 129, 118, 116, 106, 97, 133, 116, 114, 113, 110, 120, 97, 111, 97, 105, 97, 112, 97, 115, 117, 97, 124, 99, 115, 117]
[16, 16, 26][97, 97, 105, 97, 105, 97, 97, 124, 104, 111, 106, 97, 138, 117, 109, 117, 104, 126, 97, 97, 97, 109, 97, 104, 97, 97, 121, 97, 97, 97, 108, 125]
[13, 17, 26][97, 97, 101, 97, 108, 100, 97, 111, 97, 99, 97, 97, 107, 116, 97, 97, 108, 97, 97, 101, 97, 97, 97, 97, 97, 97, 120, 97, 104, 97, 97, 108]
[14, 17, 26][97, 97, 101, 97, 108, 100, 97, 111, 97, 99, 97, 97, 107, 116, 97, 97, 108, 97, 97, 101, 97, 97, 97, 97, 97, 97, 120, 97, 104, 97, 97, 108]
[14, 18, 26][97, 97, 101, 97, 108, 100, 97, 111, 97, 99, 97, 97, 107, 116, 97, 97, 108, 97, 97, 101, 97, 97, 97, 97, 97, 97, 120, 97, 104, 97, 97, 108]
[17, 18, 26][97, 97, 101, 97, 108, 100, 97, 111, 97, 99, 97, 97, 107, 116, 97, 97, 108, 97, 97, 101, 97, 97, 97, 97, 97, 97, 120, 97, 104, 97, 97, 108]
[17, 20, 26][97, 97, 101, 97, 108, 100, 97, 111, 97, 99, 97, 97, 107, 116, 97, 97, 108, 97, 97, 101, 97, 97, 97, 97, 97, 97, 120, 97, 104, 97, 97, 108]
[17, 12, 27][97, 104, 105, 104, 97, 108, 111, 97, 97, 97, 97, 97, 97, 101, 97, 97, 102, 99, 107, 109, 97, 97, 114, 106, 102, 105, 97, 103, 97, 100, 97, 97]
[16, 13, 27][97, 104, 105, 104, 97, 108, 111, 97, 97, 97, 97, 97, 97, 101, 97, 97, 102, 99, 107, 109, 97, 97, 114, 106, 102, 105, 97, 103, 97, 100, 97, 97]
[17, 14, 27][97, 97, 101, 97, 108, 100, 97, 111, 97, 99, 97, 97, 107, 116, 97, 97, 108, 97, 97, 101, 97, 97, 97, 97, 97, 97, 120, 97, 104, 97, 97, 108]
[18, 14, 27][97, 97, 101, 97, 108, 100, 97, 111, 97, 99, 97, 97, 107, 116, 97, 97, 108, 97, 97, 101, 97, 97, 97, 97, 97, 97, 120, 97, 104, 97, 97, 108]
[16, 15, 27][108, 97, 112, 97, 128, 101, 97, 129, 109, 116, 97, 112, 97, 116, 114, 97, 97, 97, 97, 111, 97, 116, 98, 112, 97, 115, 127, 103, 127, 113, 97, 111]
[15, 16, 27][105, 97, 120, 97, 133, 101, 97, 121, 102, 103, 98, 124, 147, 109, 123, 140, 114, 118, 97, 97, 97, 130, 99, 104, 127, 97, 125, 97, 109, 97, 120, 118]
[16, 16, 27][110, 97, 114, 97, 125, 99, 97, 140, 121, 115, 115, 116, 138, 109, 123, 133, 98, 125, 97, 97, 97, 133, 98, 114, 99, 103, 128, 97, 118, 123, 111, 129]
[13, 17, 27][97, 97, 104, 111, 145, 105, 97, 115, 110, 120, 97, 117, 121, 116, 121, 123, 130, 97, 109, 115, 106, 133, 97, 97, 129, 101, 116, 107, 104, 97, 147, 105]
[14, 17, 27][97, 97, 97, 100, 137, 97, 97, 133, 129, 127, 97, 109, 111, 105, 116, 115, 104, 97, 111, 97, 108, 137, 97, 97, 100, 97, 120, 111, 97, 127, 125, 109]
[15, 17, 27][97, 97, 101, 97, 108, 100, 97, 111, 97, 99, 97, 97, 107, 116, 97, 97, 108, 97, 97, 101, 97, 97, 97, 97, 97, 97, 120, 97, 104, 97, 97, 108]
[17, 17, 27][97, 97, 101, 97, 108, 100, 97, 111, 97, 99, 97, 97, 107, 116, 97, 97, 108, 97, 97, 101, 97, 97, 97, 97, 97, 97, 120, 97, 104, 97, 97, 108]
[7, 18, 27][97, 97, 101, 97, 108, 100, 97, 111, 97, 99, 97, 97, 107, 116, 97, 97, 108, 97, 97, 101, 97, 97, 97, 97, 97, 97, 120, 97, 104, 97, 97, 108]
[13, 18, 27][97, 97, 101, 97, 108, 100, 97, 111, 97, 99, 97, 97, 107, 116, 97, 97, 108, 97, 97, 101, 97, 97, 97, 97, 97, 97, 120, 97, 104, 97, 97, 108]
[15, 18, 27][97, 97, 101, 97, 108, 100, 97, 111, 97, 99, 97, 97, 107, 116, 97, 97, 108, 97, 97, 101, 97, 97, 97, 97, 97, 97, 120, 97, 104, 97, 97, 108]
[14, 19, 27][97, 97, 102, 97, 114, 103, 97, 122, 107, 132, 97, 97, 102, 117, 106, 97, 114, 97, 97, 115, 97, 99, 97, 97, 97, 115, 118, 97, 113, 97, 107, 111]
[9, 20, 27][97, 97, 101, 97, 108, 100, 97, 111, 97, 99, 97, 97, 107, 116, 97, 97, 108, 97, 97, 101, 97, 97, 97, 97, 97, 97, 120, 97, 104, 97, 97, 108]
[10, 20, 27][97, 97, 101, 97, 108, 100, 97, 111, 97, 99, 97, 97, 107, 116, 97, 97, 108, 97, 97, 101, 97, 97, 97, 97, 97, 97, 120, 97, 104, 97, 97, 108]
[14, 20, 27][97, 97, 101, 97, 108, 100, 97, 111, 97, 99, 97, 97, 107, 116, 97, 97, 108, 97, 97, 101, 97, 97, 97, 97, 97, 97, 120, 97, 104, 97, 97, 108]
[30, 24, 27][97, 97, 101, 97, 108, 100, 97, 111, 97, 99, 97, 97, 107, 116, 97, 97, 108, 97, 97, 101, 97, 97, 97, 97, 97, 97, 120, 97, 104, 97, 97, 108]
[29, 25, 27][97, 97, 101, 97, 108, 100, 97, 111, 97, 99, 97, 97, 107, 116, 97, 97, 108, 97, 97, 101, 97, 97, 97, 97, 97, 97, 120, 97, 104, 97, 97, 108]
[17, 12, 28][128, 138, 105, 134, 106, 108, 122, 110, 127, 97, 113, 148, 97, 101, 108, 145, 102, 104, 107, 110, 124, 125, 114, 176, 154, 126, 97, 145, 113, 151, 128, 97]
[18, 12, 28][127, 131, 98, 123, 98, 106, 123, 110, 111, 97, 108, 140, 97, 101, 103, 132, 97, 106, 109, 109, 126, 129, 113, 149, 125, 112, 97, 147, 102, 158, 106, 97]
[16, 13, 28][127, 143, 105, 123, 102, 108, 111, 113, 127, 97, 114, 157, 107, 101, 113, 156, 102, 108, 107, 109, 120, 122, 114, 184, 155, 127, 97, 137, 117, 150, 122, 97]
[17, 13, 28][130, 145, 108, 112, 97, 105, 112, 113, 114, 98, 113, 152, 98, 101, 112, 148, 97, 109, 105, 97, 130, 142, 114, 172, 134, 117, 97, 136, 103, 154, 100, 97]
[19, 13, 28][97, 97, 101, 97, 108, 100, 97, 111, 97, 99, 97, 97, 107, 116, 97, 97, 108, 97, 97, 101, 97, 97, 97, 97, 97, 97, 120, 97, 104, 97, 97, 108]
[15, 14, 28][128, 147, 98, 124, 99, 97, 106, 107, 127, 97, 110, 159, 116, 97, 118, 157, 97, 106, 97, 103, 127, 119, 97, 174, 151, 127, 97, 147, 104, 159, 126, 97]
[16, 14, 28][129, 150, 108, 113, 97, 105, 112, 115, 113, 98, 114, 154, 112, 101, 118, 152, 97, 113, 105, 97, 126, 137, 114, 181, 131, 117, 97, 127, 107, 153, 104, 97]
[17, 14, 28][103, 97, 101, 97, 108, 103, 102, 114, 120, 106, 100, 97, 107, 116, 101, 108, 108, 102, 115, 101, 121, 97, 97, 97, 97, 138, 120, 97, 104, 97, 102, 108]
[18, 14, 28][97, 97, 101, 97, 108, 100, 97, 111, 97, 99, 97, 97, 107, 116, 97, 97, 108, 97, 97, 101, 97, 97, 97, 97, 97, 97, 120, 97, 104, 97, 97, 108]
[14, 15, 28][125, 158, 106, 131, 99, 97, 105, 106, 122, 104, 109, 163, 127, 97, 122, 168, 97, 125, 97, 109, 131, 133, 98, 163, 161, 158, 97, 134, 103, 139, 122, 97]
[15, 15, 28][130, 151, 100, 120, 97, 97, 107, 110, 114, 97, 110, 155, 117, 97, 118, 160, 97, 111, 97, 97, 132, 136, 97, 170, 132, 118, 97, 138, 97, 162, 100, 97]
[16, 15, 28][108, 97, 112, 97, 128, 101, 97, 129, 128, 116, 102, 112, 125, 116, 119, 109, 98, 112, 97, 111, 97, 116, 98, 118, 97, 115, 127, 103, 127, 113, 118, 121]
[17, 15, 28][120, 117, 98, 116, 97, 98, 112, 97, 98, 144, 97, 97, 97, 97, 97, 117, 97, 131, 112, 119, 135, 97, 100, 139, 100, 185, 97, 108, 97, 101, 105, 97]
[18, 15, 28][97, 97, 97, 97, 113, 97, 97, 116, 97, 99, 97, 100, 126, 110, 103, 116, 111, 104, 97, 97, 97, 100, 97, 97, 97, 97, 120, 97, 97, 97, 107, 114]
[13, 16, 28][121, 156, 97, 124, 98, 112, 105, 97, 135, 109, 128, 160, 105, 97, 118, 157, 97, 142, 141, 97, 135, 140, 97, 152, 163, 149, 97, 121, 98, 109, 125, 107]
[15, 16, 28][97, 97, 101, 97, 108, 100, 97, 111, 97, 99, 97, 97, 107, 116, 97, 97, 108, 97, 97, 101, 97, 97, 97, 97, 97, 97, 120, 97, 104, 97, 97, 108]
[16, 16, 28][108, 97, 116, 97, 108, 101, 97, 132, 107, 128, 111, 97, 122, 117, 118, 97, 97, 133, 97, 98, 97, 122, 97, 108, 97, 112, 118, 97, 115, 103, 105, 130]
[17, 16, 28][122, 127, 102, 111, 97, 97, 113, 109, 142, 156, 97, 100, 97, 97, 105, 120, 97, 136, 110, 106, 141, 97, 101, 135, 109, 175, 97, 99, 101, 109, 123, 109]
[13, 17, 28][118, 139, 98, 104, 97, 109, 102, 97, 122, 121, 129, 116, 103, 97, 102, 125, 97, 147, 139, 97, 126, 105, 97, 149, 115, 140, 97, 97, 97, 113, 98, 115]
[14, 17, 28][117, 97, 97, 103, 137, 107, 111, 110, 151, 103, 145, 109, 111, 105, 114, 109, 104, 154, 149, 97, 123, 135, 97, 97, 101, 118, 120, 122, 98, 151, 128, 124]
[17, 17, 28][116, 133, 98, 107, 97, 97, 109, 112, 129, 135, 97, 104, 99, 97, 109, 124, 97, 139, 103, 97, 140, 103, 101, 132, 119, 157, 97, 97, 97, 112, 116, 117]
[18, 17, 28][112, 97, 113, 97, 115, 106, 97, 130, 117, 107, 104, 97, 98, 116, 116, 97, 97, 98, 97, 101, 97, 109, 100, 104, 97, 99, 123, 97, 126, 129, 97, 115]
[12, 18, 28][97, 97, 107, 97, 116, 102, 97, 124, 104, 109, 106, 97, 138, 116, 109, 117, 123, 126, 97, 101, 97, 97, 97, 104, 117, 97, 116, 97, 97, 97, 116, 125]
[16, 18, 28][97, 97, 101, 97, 108, 100, 97, 111, 97, 99, 97, 97, 107, 116, 97, 97, 108, 97, 97, 101, 97, 97, 97, 97, 97, 97, 120, 97, 104, 97, 97, 108]
[14, 19, 28][97, 97, 101, 97, 108, 100, 97, 111, 97, 99, 97, 97, 107, 116, 97, 97, 108, 97, 97, 101, 97, 97, 97, 97, 97, 97, 120, 97, 104, 97, 97, 108]
[16, 23, 28][97, 97, 101, 97, 108, 100, 97, 111, 97, 99, 97, 97, 107, 116, 97, 97, 108, 97, 97, 101, 97, 97, 97, 97, 97, 97, 120, 97, 104, 97, 97, 108]
[17, 24, 28][97, 97, 101, 97, 108, 100, 97, 111, 97, 99, 97, 97, 107, 116, 97, 97, 108, 97, 97, 101, 97, 97, 97, 97, 97, 97, 120, 97, 104, 97, 97, 108]
[17, 12, 29][122, 138, 97, 134, 120, 97, 122, 97, 114, 97, 132, 153, 97, 97, 113, 165, 97, 97, 154, 110, 124, 134, 101, 155, 154, 121, 97, 152, 106, 123, 150, 97]
[18, 12, 29][128, 131, 97, 123, 112, 97, 123, 110, 133, 97, 148, 145, 97, 97, 108, 158, 97, 97, 156, 98, 126, 137, 100, 149, 125, 112, 97, 147, 101, 161, 128, 97]
[16, 13, 29][127, 152, 102, 131, 106, 97, 110, 97, 108, 97, 101, 160, 107, 97, 117, 156, 100, 111, 97, 110, 128, 139, 101, 168, 163, 127, 97, 142, 107, 120, 123, 97]
[17, 13, 29][132, 147, 97, 120, 98, 97, 112, 109, 118, 97, 117, 157, 102, 97, 112, 148, 97, 119, 97, 97, 130, 143, 101, 166, 138, 119, 97, 143, 101, 158, 101, 97]
[18, 13, 29][130, 113, 97, 104, 110, 115, 124, 97, 124, 103, 149, 97, 97, 97, 113, 161, 97, 148, 154, 97, 131, 155, 97, 97, 101, 99, 110, 117, 97, 129, 120, 125]
[19, 13, 29][97, 97, 101, 97, 108, 100, 97, 111, 97, 99, 97, 97, 107, 116, 97, 97, 108, 97, 97, 101, 97, 97, 97, 97, 97, 97, 120, 97, 104, 97, 97, 108]
[15, 14, 29][131, 157, 102, 124, 102, 97, 106, 105, 132, 97, 115, 162, 122, 97, 122, 160, 99, 110, 97, 98, 129, 134, 100, 174, 160, 129, 97, 144, 104, 157, 126, 97]
[16, 14, 29][130, 150, 97, 113, 97, 97, 102, 114, 114, 97, 114, 154, 112, 97, 118, 153, 97, 117, 97, 97, 131, 138, 99, 169, 131, 117, 97, 133, 103, 156, 104, 97]
[17, 14, 29][103, 97, 97, 99, 97, 103, 106, 115, 120, 106, 104, 97, 97, 97, 101, 117, 97, 107, 124, 97, 121, 97, 97, 97, 97, 140, 97, 97, 97, 97, 102, 101]
[18, 14, 29][112, 97, 111, 97, 118, 107, 97, 134, 116, 133, 97, 101, 123, 117, 125, 100, 117, 98, 97, 109, 97, 106, 97, 112, 126, 118, 123, 102, 121, 97, 116, 119]
[13, 15, 29][122, 146, 97, 129, 99, 97, 104, 97, 103, 97, 97, 150, 124, 97, 116, 149, 98, 129, 98, 108, 129, 119, 99, 163, 151, 156, 97, 127, 99, 102, 134, 97]
[14, 15, 29][127, 158, 106, 131, 99, 97, 106, 106, 122, 97, 111, 164, 127, 97, 122, 168, 97, 136, 99, 108, 131, 135, 99, 170, 162, 155, 97, 134, 108, 140, 122, 97]
[15, 15, 29][133, 151, 97, 120, 97, 97, 108, 108, 118, 97, 116, 156, 112, 97, 117, 153, 97, 116, 97, 97, 132, 139, 98, 159, 133, 120, 97, 135, 97, 161, 100, 97]
[16, 15, 29][106, 97, 112, 97, 114, 104, 97, 129, 121, 132, 111, 97, 117, 117, 114, 97, 102, 127, 97, 114, 97, 105, 97, 112, 97, 122, 117, 97, 124, 99, 113, 122]
[17, 15, 29][120, 122, 98, 111, 97, 101, 112, 117, 97, 144, 104, 97, 107, 97, 97, 120, 97, 154, 122, 111, 135, 97, 98, 126, 112, 185, 97, 97, 97, 109, 105, 104]
[18, 15, 29][97, 97, 103, 97, 115, 105, 97, 116, 102, 99, 97, 100, 126, 113, 103, 116, 111, 104, 97, 97, 97, 100, 97, 97, 97, 97, 124, 97, 112, 97, 107, 114]
[13, 16, 29][124, 156, 99, 125, 97, 97, 106, 97, 97, 109, 97, 154, 130, 97, 120, 152, 97, 134, 97, 97, 135, 137, 100, 159, 160, 149, 97, 118, 97, 105, 126, 97]
[15, 16, 29][113, 97, 111, 97, 122, 103, 97, 138, 114, 136, 97, 117, 132, 117, 136, 131, 111, 125, 97, 101, 98, 124, 97, 121, 126, 114, 120, 97, 104, 97, 128, 127]
[17, 16, 29][114, 127, 97, 113, 97, 97, 108, 109, 142, 123, 126, 100, 101, 97, 105, 156, 97, 133, 153, 106, 134, 97, 101, 143, 109, 166, 97, 99, 101, 109, 131, 109]
[18, 16, 29][97, 97, 101, 97, 108, 100, 97, 111, 97, 99, 97, 97, 107, 116, 97, 97, 108, 97, 97, 101, 97, 97, 97, 97, 97, 97, 120, 97, 104, 97, 97, 108]
[13, 17, 29][115, 100, 97, 109, 153, 109, 98, 103, 122, 123, 129, 129, 99, 116, 135, 116, 107, 147, 139, 103, 117, 141, 97, 97, 131, 120, 119, 126, 99, 113, 144, 115]
[14, 17, 29][120, 97, 97, 98, 146, 97, 100, 122, 129, 130, 110, 121, 97, 116, 130, 104, 97, 97, 108, 103, 100, 145, 97, 97, 103, 97, 123, 129, 108, 132, 122, 113]
[17, 17, 29][116, 137, 107, 108, 116, 102, 103, 112, 129, 135, 126, 104, 117, 116, 109, 160, 123, 139, 152, 101, 140, 109, 97, 140, 118, 157, 116, 97, 97, 112, 123, 117]
[18, 17, 29][97, 97, 101, 97, 108, 100, 97, 111, 97, 99, 97, 97, 107, 116, 97, 97, 108, 97, 97, 101, 97, 97, 97, 97, 97, 97, 120, 97, 104, 97, 97, 108]
[1, 3, 30][97, 97, 101, 97, 108, 100, 97, 111, 97, 99, 97, 97, 107, 116, 97, 97, 108, 97, 97, 101, 97, 97, 97, 97, 97, 97, 120, 97, 104, 97, 97, 108]
[17, 12, 30][131, 137, 105, 124, 130, 97, 120, 107, 132, 97, 121, 153, 97, 97, 113, 168, 99, 113, 146, 102, 121, 137, 110, 169, 129, 129, 97, 152, 110, 155, 148, 97]
[18, 12, 30][130, 130, 99, 109, 122, 97, 121, 110, 122, 97, 138, 145, 97, 97, 108, 161, 97, 105, 148, 100, 123, 141, 109, 146, 100, 126, 97, 147, 111, 163, 126, 97]
[16, 13, 30][130, 141, 110, 119, 97, 97, 104, 108, 131, 97, 117, 153, 104, 97, 113, 149, 98, 118, 102, 104, 125, 122, 110, 180, 138, 137, 97, 132, 114, 152, 114, 97]
[17, 13, 30][132, 138, 108, 120, 98, 97, 109, 114, 118, 97, 117, 152, 97, 97, 108, 142, 97, 119, 97, 97, 127, 129, 110, 169, 128, 136, 97, 143, 103, 158, 101, 97]
[15, 14, 30][126, 141, 111, 127, 103, 112, 127, 97, 128, 97, 119, 152, 110, 97, 113, 157, 107, 117, 118, 115, 124, 123, 123, 169, 145, 123, 97, 172, 119, 160, 107, 97]
[16, 14, 30][132, 151, 97, 115, 97, 97, 106, 111, 117, 97, 117, 157, 110, 97, 117, 151, 97, 124, 100, 97, 127, 140, 110, 176, 134, 121, 97, 123, 105, 156, 97, 97]
[17, 14, 30][98, 97, 101, 99, 108, 103, 106, 115, 111, 101, 104, 97, 107, 116, 97, 117, 108, 107, 124, 101, 118, 97, 97, 97, 97, 140, 120, 97, 104, 97, 99, 108]
[18, 14, 30][97, 97, 101, 97, 108, 100, 97, 111, 97, 99, 97, 97, 107, 116, 97, 97, 108, 97, 97, 101, 97, 97, 97, 97, 97, 97, 120, 97, 104, 97, 97, 108]
[14, 15, 30][127, 157, 121, 134, 108, 112, 126, 97, 100, 97, 102, 152, 123, 97, 121, 168, 97, 115, 115, 102, 131, 137, 124, 159, 159, 121, 97, 159, 100, 125, 121, 97]
[15, 15, 30][133, 142, 115, 123, 100, 110, 128, 108, 118, 97, 119, 153, 112, 97, 106, 151, 97, 116, 116, 102, 132, 140, 123, 156, 127, 120, 97, 163, 109, 163, 100, 97]
[16, 15, 30][117, 119, 102, 116, 125, 112, 102, 151, 145, 132, 106, 143, 133, 117, 141, 133, 110, 143, 113, 114, 122, 115, 105, 132, 127, 128, 115, 121, 118, 132, 121, 117]
[17, 15, 30][97, 122, 97, 111, 97, 109, 103, 97, 97, 103, 103, 97, 107, 97, 97, 106, 97, 154, 114, 97, 106, 97, 104, 125, 112, 126, 97, 97, 97, 112, 97, 98]
[18, 15, 30][114, 97, 103, 97, 115, 105, 97, 137, 106, 145, 105, 102, 131, 113, 129, 106, 105, 120, 97, 97, 100, 124, 97, 108, 97, 108, 124, 97, 112, 97, 118, 127]
[13, 16, 30][124, 156, 99, 125, 116, 97, 106, 97, 149, 106, 117, 154, 130, 97, 120, 152, 97, 134, 150, 98, 135, 137, 100, 159, 160, 147, 97, 118, 97, 105, 132, 101]
[15, 16, 30][113, 97, 97, 100, 130, 97, 97, 138, 114, 123, 97, 117, 148, 105, 136, 131, 119, 118, 97, 97, 100, 129, 97, 121, 111, 108, 112, 97, 100, 97, 131, 121]
[16, 16, 30][98, 97, 105, 97, 111, 97, 97, 125, 104, 144, 106, 97, 138, 117, 110, 117, 104, 126, 97, 101, 99, 117, 97, 104, 98, 105, 114, 97, 98, 98, 108, 125]
[17, 16, 30][97, 122, 100, 104, 97, 109, 107, 97, 97, 115, 103, 97, 99, 97, 97, 97, 97, 155, 112, 98, 111, 97, 110, 107, 107, 116, 97, 97, 97, 116, 97, 106]
[13, 17, 30][118, 139, 107, 106, 116, 102, 104, 97, 136, 118, 117, 118, 117, 116, 110, 133, 123, 127, 149, 101, 127, 122, 98, 147, 117, 136, 116, 109, 97, 109, 125, 109]
[14, 17, 30][97, 97, 101, 97, 108, 100, 97, 111, 97, 99, 97, 97, 107, 116, 97, 97, 108, 97, 97, 101, 97, 97, 97, 97, 97, 97, 120, 97, 104, 97, 97, 108]
[15, 17, 30][97, 97, 101, 97, 108, 100, 97, 111, 97, 99, 97, 97, 107, 116, 97, 97, 108, 97, 97, 101, 97, 97, 97, 97, 97, 97, 120, 97, 104, 97, 97, 108]
[16, 18, 30][97, 97, 101, 97, 108, 100, 97, 111, 97, 99, 97, 97, 107, 116, 97, 97, 108, 97, 97, 101, 97, 97, 97, 97, 97, 97, 120, 97, 104, 97, 97, 108]
[3, 10, 31][97, 97, 101, 97, 108, 100, 97, 111, 97, 99, 97, 97, 107, 116, 97, 97, 108, 97, 97, 101, 97, 97, 97, 97, 97, 97, 120, 97, 104, 97, 97, 108]
[17, 12, 31][125, 123, 117, 108, 97, 105, 113, 97, 109, 97, 109, 128, 97, 97, 101, 128, 97, 111, 97, 109, 112, 105, 125, 165, 106, 146, 97, 125, 112, 124, 100, 97]
[18, 12, 31][123, 103, 97, 109, 122, 102, 121, 113, 124, 117, 138, 99, 112, 113, 108, 161, 111, 103, 148, 105, 118, 141, 97, 97, 97, 109, 117, 132, 109, 122, 126, 110]
[16, 13, 31][97, 104, 105, 104, 97, 108, 111, 97, 97, 97, 97, 97, 97, 101, 97, 97, 102, 99, 107, 109, 97, 97, 114, 106, 102, 105, 97, 103, 97, 100, 97, 97]
[18, 13, 31][124, 113, 98, 104, 119, 99, 123, 116, 108, 111, 138, 103, 117, 113, 113, 164, 104, 108, 146, 97, 124, 158, 97, 97, 106, 99, 118, 123, 100, 125, 119, 118]
[17, 14, 31][97, 97, 97, 101, 97, 102, 101, 106, 109, 97, 107, 97, 97, 97, 97, 113, 97, 111, 125, 97, 110, 97, 97, 97, 97, 116, 97, 99, 97, 97, 97, 100]
[18, 14, 31][97, 97, 101, 97, 108, 100, 97, 111, 97, 99, 97, 97, 107, 116, 97, 97, 108, 97, 97, 101, 97, 97, 97, 97, 97, 97, 120, 97, 104, 97, 97, 108]
[15, 15, 31][97, 104, 105, 104, 97, 108, 111, 97, 97, 97, 97, 97, 97, 101, 97, 97, 102, 99, 107, 109, 97, 97, 114, 106, 102, 105, 97, 103, 97, 100, 97, 97]
[16, 15, 31][97, 97, 101, 97, 108, 100, 97, 111, 97, 99, 97, 97, 107, 116, 97, 97, 108, 97, 97, 101, 97, 97, 97, 97, 97, 97, 120, 97, 104, 97, 97, 108]
[17, 15, 31][97, 121, 97, 109, 97, 99, 103, 109, 97, 101, 108, 98, 114, 97, 97, 117, 97, 145, 124, 97, 115, 100, 97, 132, 111, 114, 97, 97, 97, 103, 97, 108]
[18, 15, 31][97, 97, 101, 97, 108, 100, 97, 111, 97, 99, 97, 97, 107, 116, 97, 97, 108, 97, 97, 101, 97, 97, 97, 97, 97, 97, 120, 97, 104, 97, 97, 108]
[13, 16, 31][116, 155, 97, 140, 116, 97, 126, 97, 149, 106, 117, 156, 109, 97, 114, 146, 97, 124, 150, 98, 132, 150, 98, 160, 174, 146, 97, 146, 97, 105, 136, 101]
[15, 16, 31][116, 97, 97, 97, 130, 97, 97, 137, 120, 130, 97, 112, 120, 105, 131, 117, 97, 111, 97, 97, 100, 129, 97, 114, 97, 116, 114, 97, 109, 97, 131, 128]
[17, 16, 31][109, 123, 100, 109, 97, 109, 109, 97, 97, 105, 106, 98, 97, 97, 97, 101, 97, 131, 110, 98, 114, 97, 110, 122, 100, 135, 97, 99, 97, 116, 100, 97]
[14, 17, 31][97, 97, 107, 100, 134, 102, 97, 121, 103, 123, 97, 106, 117, 116, 115, 106, 123, 97, 106, 101, 100, 120, 97, 97, 117, 97, 116, 97, 97, 97, 135, 110]
[17, 17, 31][97, 97, 97, 97, 120, 97, 97, 109, 97, 105, 97, 97, 110, 114, 100, 99, 110, 97, 102, 98, 97, 103, 97, 97, 97, 97, 119, 97, 97, 97, 110, 108]
[13, 19, 31][97, 97, 101, 97, 108, 100, 97, 111, 97, 99, 97, 97, 107, 116, 97, 97, 108, 97, 97, 101, 97, 97, 97, 97, 97, 97, 120, 97, 104, 97, 97, 108]
