[4, 1, 0][131, 120, 139, 120, 120, 120, 120, 120, 120, 120, 120, 120, 120, 121, 120, 120, 124, 133, 120, 120, 120, 120, 120, 120, 142, 120, 120, 120, 136, 120, 120, 120]
[8, 6, 0][120, 120, 120, 120, 120, 126, 120, 120, 120, 120, 123, 120, 120, 120, 120, 120, 120, 137, 120, 120, 120, 120, 120, 120, 120, 120, 120, 120, 120, 120, 120, 120]
[9, 6, 0][123, 120, 120, 127, 120, 133, 120, 129, 120, 120, 122, 120, 120, 125, 120, 120, 120, 126, 120, 128, 120, 134, 120, 126, 120, 120, 123, 120, 120, 126, 120, 120]
[8, 7, 0][120, 121, 125, 128, 120, 124, 120, 124, 125, 120, 120, 120, 120, 129, 141, 130, 120, 122, 120, 129, 120, 127, 167, 126, 121, 120, 120, 120, 120, 120, 133, 120]
[9, 7, 0][120, 120, 120, 132, 120, 121, 120, 120, 120, 120, 132, 120, 120, 120, 120, 120, 120, 129, 120, 147, 120, 127, 120, 130, 120, 120, 120, 120, 120, 120, 120, 120]
[10, 7, 0][120, 120, 120, 120, 120, 126, 120, 120, 120, 120, 123, 120, 120, 120, 120, 120, 120, 137, 120, 120, 120, 120, 120, 120, 120, 120, 120, 120, 120, 120, 120, 120]
[6, 8, 0][120, 120, 123, 122, 122, 125, 120, 123, 120, 120, 120, 120, 125, 120, 120, 137, 130, 120, 137, 121, 120, 120, 153, 120, 120, 120, 121, 120, 130, 120, 125, 120]
[7, 8, 0][131, 120, 139, 120, 120, 120, 120, 120, 120, 120, 120, 120, 120, 121, 120, 120, 124, 133, 120, 120, 120, 120, 120, 120, 142, 120, 120, 120, 136, 120, 120, 120]
[8, 8, 0][120, 128, 123, 134, 120, 120, 120, 120, 120, 120, 120, 120, 120, 125, 141, 126, 121, 122, 120, 120, 120, 120, 160, 120, 121, 120, 120, 120, 120, 120, 135, 120]
[9, 8, 0][120, 120, 120, 120, 120, 126, 120, 120, 120, 120, 123, 120, 120, 120, 120, 120, 120, 137, 120, 120, 120, 120, 120, 120, 120, 120, 120, 120, 120, 120, 120, 120]
[6, 9, 0][126, 127, 136, 141, 120, 127, 120, 120, 135, 135, 120, 120, 130, 133, 120, 136, 143, 134, 140, 120, 120, 120, 147, 126, 141, 127, 120, 120, 137, 120, 128, 127]
[7, 9, 0][131, 120, 139, 120, 120, 120, 120, 120, 120, 120, 120, 120, 120, 121, 120, 120, 124, 133, 120, 120, 120, 120, 120, 120, 142, 120, 120, 120, 136, 120, 120, 120]
[8, 9, 0][131, 120, 139, 120, 120, 120, 120, 120, 120, 120, 120, 120, 120, 121, 120, 120, 124, 133, 120, 120, 120, 120, 120, 120, 142, 120, 120, 120, 136, 120, 120, 120]
[3, 0, 1][131, 120, 139, 120, 120, 120, 120, 120, 120, 120, 120, 120, 120, 121, 120, 120, 124, 133, 120, 120, 120, 120, 120, 120, 142, 120, 120, 120, 136, 120, 120, 120]
[2, 3, 1][131, 120, 139, 120, 120, 120, 120, 120, 120, 120, 120, 120, 120, 121, 120, 120, 124, 133, 120, 120, 120, 120, 120, 120, 142, 120, 120, 120, 136, 120, 120, 120]
[3, 3, 1][131, 120, 139, 120, 120, 120, 120, 120, 120, 120, 120, 120, 120, 121, 120, 120, 124, 133, 120, 120, 120, 120, 120, 120, 142, 120, 120, 120, 136, 120, 120, 120]
[8, 6, 1][129, 120, 121, 120, 153, 137, 120, 122, 136, 120, 125, 120, 133, 120, 120, 122, 120, 137, 124, 120, 120, 120, 123, 134, 120, 120, 120, 120, 120, 120, 120, 138]
[9, 6, 1][120, 120, 120, 120, 120, 126, 120, 120, 120, 120, 123, 120, 120, 120, 120, 120, 120, 137, 120, 120, 120, 120, 120, 120, 120, 120, 120, 120, 120, 120, 120, 120]
[8, 7, 1][131, 120, 139, 120, 120, 120, 120, 120, 120, 120, 120, 120, 120, 121, 120, 120, 124, 133, 120, 120, 120, 120, 120, 120, 142, 120, 120, 120, 136, 120, 120, 120]
[9, 7, 1][121, 123, 131, 136, 125, 120, 120, 120, 120, 126, 124, 120, 123, 128, 120, 120, 129, 137, 120, 123, 120, 141, 120, 120, 124, 129, 120, 120, 124, 120, 120, 120]
[6, 8, 1][120, 121, 120, 127, 120, 126, 120, 123, 120, 120, 120, 120, 121, 122, 122, 142, 130, 120, 137, 122, 120, 120, 153, 120, 120, 120, 120, 120, 121, 120, 123, 120]
[7, 8, 1][120, 120, 120, 120, 120, 126, 120, 120, 120, 120, 123, 120, 120, 120, 120, 120, 120, 137, 120, 120, 120, 120, 120, 120, 120, 120, 120, 120, 120, 120, 120, 120]
[8, 8, 1][120, 130, 123, 135, 120, 120, 120, 120, 120, 120, 120, 120, 120, 125, 141, 129, 121, 122, 120, 120, 120, 120, 160, 120, 121, 120, 120, 120, 120, 120, 135, 120]
[5, 9, 1][131, 120, 139, 120, 120, 120, 120, 120, 120, 120, 120, 120, 120, 121, 120, 120, 124, 133, 120, 120, 120, 120, 120, 120, 142, 120, 120, 120, 136, 120, 120, 120]
[6, 9, 1][120, 127, 121, 141, 120, 120, 120, 120, 120, 135, 120, 120, 130, 133, 120, 141, 143, 120, 140, 120, 120, 120, 147, 120, 121, 126, 120, 120, 136, 120, 128, 120]
[7, 9, 1][120, 147, 120, 129, 120, 120, 120, 120, 120, 128, 120, 120, 120, 128, 124, 130, 133, 120, 130, 120, 129, 120, 139, 120, 120, 120, 123, 120, 123, 120, 125, 120]
[8, 9, 1][131, 120, 139, 120, 120, 120, 120, 120, 120, 120, 120, 120, 120, 121, 120, 120, 124, 133, 120, 120, 120, 120, 120, 120, 142, 120, 120, 120, 136, 120, 120, 120]
[4, 10, 1][131, 120, 139, 120, 120, 120, 120, 120, 120, 120, 120, 120, 120, 121, 120, 120, 124, 133, 120, 120, 120, 120, 120, 120, 142, 120, 120, 120, 136, 120, 120, 120]
[6, 10, 1][131, 120, 139, 120, 120, 120, 120, 120, 120, 120, 120, 120, 120, 121, 120, 120, 124, 133, 120, 120, 120, 120, 120, 120, 142, 120, 120, 120, 136, 120, 120, 120]
[7, 11, 1][131, 120, 139, 120, 120, 120, 120, 120, 120, 120, 120, 120, 120, 121, 120, 120, 124, 133, 120, 120, 120, 120, 120, 120, 142, 120, 120, 120, 136, 120, 120, 120]
[12, 11, 1][131, 120, 139, 120, 120, 120, 120, 120, 120, 120, 120, 120, 120, 121, 120, 120, 124, 133, 120, 120, 120, 120, 120, 120, 142, 120, 120, 120, 136, 120, 120, 120]
[8, 12, 1][131, 120, 139, 120, 120, 120, 120, 120, 120, 120, 120, 120, 120, 121, 120, 120, 124, 133, 120, 120, 120, 120, 120, 120, 142, 120, 120, 120, 136, 120, 120, 120]
[0, 13, 1][131, 120, 139, 120, 120, 120, 120, 120, 120, 120, 120, 120, 120, 121, 120, 120, 124, 133, 120, 120, 120, 120, 120, 120, 142, 120, 120, 120, 136, 120, 120, 120]
[2, 13, 1][131, 120, 139, 120, 120, 120, 120, 120, 120, 120, 120, 120, 120, 121, 120, 120, 124, 133, 120, 120, 120, 120, 120, 120, 142, 120, 120, 120, 136, 120, 120, 120]
[3, 14, 1][131, 120, 139, 120, 120, 120, 120, 120, 120, 120, 120, 120, 120, 121, 120, 120, 124, 133, 120, 120, 120, 120, 120, 120, 142, 120, 120, 120, 136, 120, 120, 120]
[9, 14, 1][120, 120, 120, 120, 120, 126, 120, 120, 120, 120, 123, 120, 120, 120, 120, 120, 120, 137, 120, 120, 120, 120, 120, 120, 120, 120, 120, 120, 120, 120, 120, 120]
[11, 0, 2][131, 120, 139, 120, 120, 120, 120, 120, 120, 120, 120, 120, 120, 121, 120, 120, 124, 133, 120, 120, 120, 120, 120, 120, 142, 120, 120, 120, 136, 120, 120, 120]
[9, 6, 2][120, 120, 120, 132, 120, 131, 120, 123, 120, 122, 122, 120, 120, 120, 120, 120, 120, 128, 120, 131, 120, 120, 120, 129, 120, 120, 129, 120, 120, 127, 120, 120]
[7, 7, 2][126, 120, 141, 120, 122, 124, 120, 130, 120, 120, 121, 120, 120, 120, 122, 120, 121, 133, 120, 128, 120, 124, 125, 120, 140, 120, 120, 120, 129, 120, 120, 120]
[8, 7, 2][131, 120, 139, 120, 120, 120, 120, 120, 120, 120, 120, 120, 120, 121, 120, 120, 124, 133, 120, 120, 120, 120, 120, 120, 142, 120, 120, 120, 136, 120, 120, 120]
[6, 8, 2][123, 120, 120, 131, 120, 123, 120, 120, 120, 120, 120, 120, 120, 131, 152, 120, 120, 122, 120, 127, 120, 127, 152, 133, 121, 120, 120, 120, 120, 120, 133, 120]
[7, 8, 2][131, 120, 139, 120, 120, 120, 120, 120, 120, 120, 120, 120, 120, 121, 120, 120, 124, 133, 120, 120, 120, 120, 120, 120, 142, 120, 120, 120, 136, 120, 120, 120]
[8, 8, 2][124, 120, 122, 124, 120, 120, 120, 120, 120, 120, 120, 120, 120, 144, 134, 120, 125, 128, 120, 120, 120, 120, 128, 120, 128, 120, 120, 120, 120, 120, 120, 120]
[9, 8, 2][120, 120, 120, 120, 120, 126, 120, 120, 120, 120, 123, 120, 120, 120, 120, 120, 120, 137, 120, 120, 120, 120, 120, 120, 120, 120, 120, 120, 120, 120, 120, 120]
[13, 8, 2][131, 120, 139, 120, 120, 120, 120, 120, 120, 120, 120, 120, 120, 121, 120, 120, 124, 133, 120, 120, 120, 120, 120, 120, 142, 120, 120, 120, 136, 120, 120, 120]
[6, 9, 2][128, 127, 120, 149, 120, 120, 120, 120, 120, 134, 120, 120, 120, 144, 152, 120, 127, 122, 120, 120, 120, 120, 146, 123, 124, 127, 120, 120, 120, 120, 136, 120]
[7, 9, 2][120, 123, 124, 126, 120, 120, 120, 120, 120, 120, 120, 120, 120, 135, 124, 130, 129, 121, 125, 120, 120, 120, 139, 120, 126, 120, 120, 120, 125, 120, 125, 120]
[6, 10, 2][131, 120, 139, 120, 120, 120, 120, 120, 120, 120, 120, 120, 120, 121, 120, 120, 124, 133, 120, 120, 120, 120, 120, 120, 142, 120, 120, 120, 136, 120, 120, 120]
[7, 11, 2][120, 120, 120, 120, 120, 126, 120, 120, 120, 120, 123, 120, 120, 120, 120, 120, 120, 137, 120, 120, 120, 120, 120, 120, 120, 120, 120, 120, 120, 120, 120, 120]
[9, 14, 2][131, 120, 139, 120, 120, 120, 120, 120, 120, 120, 120, 120, 120, 121, 120, 120, 124, 133, 120, 120, 120, 120, 120, 120, 142, 120, 120, 120, 136, 120, 120, 120]
[14, 0, 3][131, 120, 139, 120, 120, 120, 120, 120, 120, 120, 120, 120, 120, 121, 120, 120, 124, 133, 120, 120, 120, 120, 120, 120, 142, 120, 120, 120, 136, 120, 120, 120]
[0, 3, 3][131, 120, 139, 120, 120, 120, 120, 120, 120, 120, 120, 120, 120, 121, 120, 120, 124, 133, 120, 120, 120, 120, 120, 120, 142, 120, 120, 120, 136, 120, 120, 120]
[13, 5, 3][121, 120, 127, 137, 120, 120, 120, 122, 120, 120, 145, 120, 120, 120, 120, 120, 125, 133, 120, 122, 120, 120, 120, 120, 128, 120, 120, 120, 120, 120, 122, 120]
[8, 6, 3][123, 120, 120, 120, 120, 143, 157, 120, 157, 120, 123, 120, 120, 120, 124, 120, 120, 120, 126, 120, 133, 124, 120, 152, 120, 128, 120, 120, 120, 120, 120, 166]
[9, 6, 3][128, 135, 123, 120, 121, 132, 155, 121, 132, 120, 121, 120, 120, 120, 124, 120, 120, 120, 120, 120, 156, 130, 120, 136, 120, 120, 123, 123, 120, 120, 120, 147]
[7, 7, 3][144, 120, 120, 120, 159, 120, 120, 139, 156, 120, 120, 120, 120, 120, 120, 120, 120, 120, 135, 126, 163, 134, 120, 154, 120, 134, 120, 120, 120, 120, 120, 178]
[8, 7, 3][149, 143, 120, 120, 164, 123, 131, 142, 141, 120, 124, 120, 120, 125, 124, 120, 132, 120, 125, 126, 186, 140, 120, 139, 120, 145, 120, 135, 120, 120, 120, 169]
[6, 8, 3][123, 135, 120, 132, 121, 127, 120, 120, 144, 120, 120, 131, 127, 131, 156, 134, 120, 121, 120, 130, 120, 127, 176, 143, 121, 120, 120, 120, 122, 120, 148, 120]
[7, 8, 3][128, 120, 121, 120, 120, 120, 120, 120, 120, 120, 123, 120, 122, 122, 120, 120, 145, 120, 153, 120, 120, 120, 120, 120, 129, 120, 120, 120, 142, 120, 120, 126]
[8, 8, 3][124, 120, 122, 124, 120, 127, 124, 121, 120, 120, 121, 120, 120, 147, 149, 126, 125, 128, 125, 126, 120, 128, 137, 128, 128, 120, 120, 120, 120, 120, 126, 120]
[6, 9, 3][128, 142, 120, 150, 120, 120, 120, 120, 138, 128, 120, 123, 131, 126, 156, 133, 120, 121, 120, 120, 120, 120, 170, 133, 123, 125, 120, 120, 129, 120, 151, 120]
[7, 9, 3][133, 162, 121, 153, 122, 120, 120, 120, 120, 141, 120, 120, 120, 140, 156, 120, 125, 121, 120, 120, 131, 125, 156, 120, 124, 120, 120, 123, 128, 120, 148, 120]
[8, 9, 3][121, 125, 120, 137, 120, 120, 123, 120, 120, 135, 122, 120, 120, 160, 149, 125, 136, 120, 128, 120, 120, 120, 131, 120, 122, 131, 120, 120, 121, 120, 129, 120]
[7, 10, 3][131, 120, 139, 120, 120, 120, 120, 120, 120, 120, 120, 120, 120, 121, 120, 120, 124, 133, 120, 120, 120, 120, 120, 120, 142, 120, 120, 120, 136, 120, 120, 120]
[5, 11, 3][131, 120, 139, 120, 120, 120, 120, 120, 120, 120, 120, 120, 120, 121, 120, 120, 124, 133, 120, 120, 120, 120, 120, 120, 142, 120, 120, 120, 136, 120, 120, 120]
[7, 11, 3][120, 120, 133, 130, 120, 120, 120, 120, 120, 120, 139, 120, 120, 120, 120, 120, 128, 133, 120, 123, 120, 120, 120, 120, 134, 120, 120, 120, 123, 120, 123, 120]
[8, 6, 4][133, 120, 120, 120, 165, 143, 189, 132, 170, 120, 123, 125, 121, 120, 126, 120, 120, 120, 126, 139, 163, 131, 120, 164, 120, 130, 123, 143, 120, 124, 120, 173]
[9, 6, 4][128, 137, 123, 120, 124, 132, 187, 121, 145, 120, 121, 120, 120, 120, 126, 120, 120, 120, 120, 120, 186, 135, 120, 148, 120, 120, 129, 142, 120, 125, 120, 155]
[7, 7, 4][122, 123, 120, 120, 155, 121, 120, 144, 120, 120, 123, 120, 120, 120, 120, 120, 120, 130, 120, 120, 136, 123, 120, 125, 120, 120, 120, 123, 120, 120, 120, 130]
[8, 7, 4][149, 147, 120, 120, 164, 123, 131, 148, 141, 120, 124, 120, 120, 125, 124, 120, 132, 130, 125, 126, 186, 140, 120, 139, 120, 145, 120, 147, 120, 120, 120, 169]
[9, 7, 4][120, 120, 120, 120, 120, 126, 120, 120, 120, 120, 123, 120, 120, 120, 120, 120, 120, 137, 120, 120, 120, 120, 120, 120, 120, 120, 120, 120, 120, 120, 120, 120]
[6, 8, 4][179, 131, 121, 132, 156, 124, 120, 120, 145, 120, 120, 131, 120, 120, 156, 133, 122, 120, 133, 123, 120, 121, 176, 131, 121, 151, 120, 120, 122, 120, 143, 194]
[7, 8, 4][149, 127, 124, 120, 162, 120, 120, 127, 120, 120, 120, 120, 120, 120, 120, 120, 125, 120, 125, 120, 163, 127, 120, 120, 120, 151, 120, 123, 120, 120, 120, 175]
[8, 8, 4][149, 140, 127, 120, 167, 120, 120, 120, 120, 120, 120, 120, 120, 120, 127, 120, 123, 120, 136, 120, 162, 133, 135, 120, 120, 129, 120, 134, 120, 120, 124, 157]
[6, 9, 4][131, 120, 139, 120, 120, 120, 120, 120, 120, 120, 120, 120, 120, 121, 120, 120, 124, 133, 120, 120, 120, 120, 120, 120, 142, 120, 120, 120, 136, 120, 120, 120]
[7, 9, 4][189, 161, 120, 137, 150, 120, 120, 120, 120, 126, 120, 120, 120, 120, 154, 120, 129, 120, 120, 120, 141, 120, 133, 120, 120, 132, 120, 131, 124, 120, 142, 142]
[8, 9, 4][131, 120, 139, 120, 120, 120, 120, 120, 120, 120, 120, 120, 120, 121, 120, 120, 124, 133, 120, 120, 120, 120, 120, 120, 142, 120, 120, 120, 136, 120, 120, 120]
[9, 9, 4][131, 120, 139, 120, 120, 120, 120, 120, 120, 120, 120, 120, 120, 121, 120, 120, 124, 133, 120, 120, 120, 120, 120, 120, 142, 120, 120, 120, 136, 120, 120, 120]
[4, 0, 5][120, 120, 120, 120, 120, 126, 120, 120, 120, 120, 123, 120, 120, 120, 120, 120, 120, 137, 120, 120, 120, 120, 120, 120, 120, 120, 120, 120, 120, 120, 120, 120]
[8, 5, 5][120, 120, 120, 120, 120, 126, 120, 120, 120, 120, 123, 120, 120, 120, 120, 120, 120, 137, 120, 120, 120, 120, 120, 120, 120, 120, 120, 120, 120, 120, 120, 120]
[10, 5, 5][120, 120, 120, 120, 120, 126, 120, 120, 120, 120, 123, 120, 120, 120, 120, 120, 120, 137, 120, 120, 120, 120, 120, 120, 120, 120, 120, 120, 120, 120, 120, 120]
[13, 5, 5][120, 120, 120, 120, 120, 126, 120, 120, 120, 120, 123, 120, 120, 120, 120, 120, 120, 137, 120, 120, 120, 120, 120, 120, 120, 120, 120, 120, 120, 120, 120, 120]
[8, 6, 5][120, 120, 125, 120, 124, 120, 147, 120, 158, 120, 122, 120, 120, 120, 126, 120, 120, 120, 120, 120, 163, 135, 120, 149, 120, 128, 120, 128, 120, 124, 120, 173]
[9, 6, 5][120, 120, 123, 120, 120, 141, 187, 132, 145, 120, 131, 120, 120, 120, 120, 120, 120, 121, 120, 120, 148, 120, 120, 148, 120, 120, 145, 142, 120, 132, 120, 151]
[7, 7, 5][134, 121, 123, 120, 147, 124, 120, 129, 120, 120, 125, 120, 120, 120, 120, 120, 120, 128, 120, 120, 123, 126, 120, 120, 120, 120, 120, 120, 120, 120, 120, 142]
[8, 7, 5][138, 134, 127, 120, 160, 124, 121, 128, 123, 120, 120, 120, 131, 120, 120, 150, 120, 120, 133, 121, 156, 133, 134, 129, 124, 139, 120, 147, 131, 120, 124, 169]
[6, 8, 5][120, 120, 129, 127, 126, 128, 120, 122, 132, 120, 142, 120, 123, 120, 120, 130, 130, 133, 126, 128, 120, 120, 134, 127, 133, 121, 120, 120, 124, 120, 130, 125]
[7, 8, 5][120, 120, 133, 130, 120, 120, 120, 120, 120, 120, 139, 120, 120, 120, 120, 120, 128, 133, 120, 123, 120, 120, 120, 120, 134, 120, 120, 120, 123, 120, 123, 120]
[8, 8, 5][126, 128, 136, 126, 120, 127, 121, 120, 135, 120, 120, 120, 135, 133, 120, 148, 132, 134, 136, 120, 120, 120, 128, 126, 141, 127, 120, 120, 138, 120, 127, 127]
[9, 8, 5][131, 120, 139, 120, 120, 120, 120, 120, 120, 120, 120, 120, 120, 121, 120, 120, 124, 133, 120, 120, 120, 120, 120, 120, 142, 120, 120, 120, 136, 120, 120, 120]
[7, 9, 5][131, 120, 139, 120, 120, 120, 120, 120, 120, 120, 120, 120, 120, 121, 120, 120, 124, 133, 120, 120, 120, 120, 120, 120, 142, 120, 120, 120, 136, 120, 120, 120]
[8, 9, 5][120, 136, 123, 144, 120, 120, 123, 120, 120, 129, 120, 120, 142, 146, 120, 149, 145, 120, 148, 120, 120, 120, 122, 120, 129, 137, 120, 120, 144, 120, 130, 120]
[11, 1, 6][120, 120, 120, 120, 120, 126, 120, 120, 120, 120, 123, 120, 120, 120, 120, 120, 120, 137, 120, 120, 120, 120, 120, 120, 120, 120, 120, 120, 120, 120, 120, 120]
[13, 5, 6][124, 120, 122, 124, 120, 126, 120, 123, 120, 120, 151, 120, 120, 120, 120, 120, 121, 137, 120, 128, 120, 120, 120, 120, 122, 120, 126, 120, 120, 120, 128, 120]
[8, 6, 6][120, 120, 127, 120, 139, 152, 167, 129, 157, 120, 136, 120, 120, 120, 124, 122, 120, 125, 120, 143, 120, 121, 147, 152, 130, 120, 138, 120, 120, 130, 128, 145]
[9, 6, 6][122, 138, 121, 120, 144, 141, 166, 132, 132, 120, 134, 127, 120, 120, 120, 120, 120, 121, 120, 135, 135, 122, 127, 154, 120, 120, 145, 129, 120, 144, 129, 127]
[7, 7, 6][132, 120, 120, 120, 142, 128, 120, 138, 120, 120, 124, 120, 120, 120, 120, 120, 120, 136, 120, 121, 123, 120, 120, 120, 120, 120, 120, 122, 120, 120, 120, 123]
[8, 7, 6][126, 120, 141, 121, 122, 124, 120, 130, 120, 120, 128, 120, 120, 120, 124, 120, 122, 133, 120, 128, 120, 124, 141, 120, 140, 120, 120, 120, 129, 120, 125, 120]
[9, 7, 6][120, 120, 133, 130, 120, 120, 120, 120, 120, 120, 139, 120, 120, 120, 120, 120, 128, 133, 120, 123, 120, 120, 120, 120, 134, 120, 120, 120, 123, 120, 123, 120]
[6, 8, 6][131, 120, 139, 120, 120, 120, 120, 120, 120, 120, 120, 120, 120, 121, 120, 120, 124, 133, 120, 120, 120, 120, 120, 120, 142, 120, 120, 120, 136, 120, 120, 120]
[7, 8, 6][126, 120, 141, 120, 122, 124, 120, 130, 120, 120, 120, 120, 120, 120, 120, 120, 125, 133, 124, 128, 120, 124, 121, 120, 140, 120, 120, 120, 129, 120, 120, 120]
[8, 8, 6][131, 120, 139, 120, 120, 120, 120, 120, 120, 120, 120, 120, 120, 121, 120, 120, 124, 133, 120, 120, 120, 120, 120, 120, 142, 120, 120, 120, 136, 120, 120, 120]
[7, 9, 6][131, 120, 139, 120, 120, 120, 120, 120, 120, 120, 120, 120, 120, 121, 120, 120, 124, 133, 120, 120, 120, 120, 120, 120, 142, 120, 120, 120, 136, 120, 120, 120]
[8, 9, 6][135, 120, 137, 139, 120, 120, 120, 120, 120, 129, 124, 120, 121, 162, 127, 120, 137, 134, 120, 120, 120, 120, 137, 120, 144, 135, 120, 120, 142, 120, 128, 120]
[8, 12, 6][120, 120, 120, 120, 120, 126, 120, 120, 120, 120, 123, 120, 120, 120, 120, 120, 120, 137, 120, 120, 120, 120, 120, 120, 120, 120, 120, 120, 120, 120, 120, 120]
[1, 1, 7][131, 120, 139, 120, 120, 120, 120, 120, 120, 120, 120, 120, 120, 121, 120, 120, 124, 133, 120, 120, 120, 120, 120, 120, 142, 120, 120, 120, 136, 120, 120, 120]
[12, 5, 7][131, 120, 139, 120, 120, 120, 120, 120, 120, 120, 120, 120, 120, 121, 120, 120, 124, 133, 120, 120, 120, 120, 120, 120, 142, 120, 120, 120, 136, 120, 120, 120]
[8, 6, 7][141, 120, 120, 120, 169, 120, 120, 120, 147, 120, 120, 120, 123, 120, 120, 120, 120, 120, 120, 131, 149, 144, 120, 161, 120, 132, 120, 120, 120, 120, 120, 174]
[9, 6, 7][146, 135, 120, 120, 174, 120, 120, 123, 122, 120, 120, 120, 120, 120, 120, 120, 120, 120, 120, 130, 172, 150, 120, 146, 120, 121, 120, 134, 120, 120, 120, 156]
[7, 7, 7][120, 120, 120, 120, 151, 120, 120, 120, 125, 120, 137, 120, 120, 120, 137, 138, 129, 120, 137, 143, 154, 156, 127, 142, 120, 131, 120, 120, 120, 120, 120, 149]
[8, 7, 7][121, 120, 120, 121, 120, 120, 120, 120, 120, 120, 134, 120, 120, 120, 123, 128, 127, 120, 151, 141, 128, 128, 120, 120, 120, 120, 126, 120, 124, 120, 120, 120]
[9, 7, 7][131, 120, 139, 120, 120, 120, 120, 120, 120, 120, 120, 120, 120, 121, 120, 120, 124, 133, 120, 120, 120, 120, 120, 120, 142, 120, 120, 120, 136, 120, 120, 120]
[6, 8, 7][142, 120, 120, 120, 141, 120, 120, 120, 138, 120, 120, 120, 120, 120, 137, 120, 124, 120, 132, 137, 133, 145, 127, 143, 120, 161, 120, 120, 129, 120, 120, 170]
[7, 8, 7][147, 127, 120, 120, 146, 120, 120, 120, 120, 120, 138, 120, 120, 120, 137, 120, 136, 120, 136, 136, 156, 151, 120, 132, 120, 150, 120, 127, 128, 120, 120, 152]
[8, 8, 7][126, 120, 120, 140, 127, 125, 120, 120, 137, 120, 135, 120, 148, 120, 123, 134, 139, 120, 154, 130, 128, 120, 120, 129, 121, 132, 124, 120, 131, 120, 120, 120]
[9, 8, 7][127, 138, 120, 124, 132, 120, 120, 120, 120, 120, 132, 120, 134, 120, 120, 120, 135, 120, 144, 124, 142, 120, 120, 120, 120, 120, 129, 126, 130, 120, 121, 120]
[6, 9, 7][147, 120, 120, 122, 120, 120, 120, 120, 120, 120, 120, 120, 120, 126, 130, 120, 136, 120, 136, 120, 133, 137, 120, 120, 120, 159, 120, 120, 135, 120, 120, 155]
[7, 9, 7][152, 134, 120, 125, 126, 120, 120, 120, 120, 121, 120, 120, 120, 122, 130, 120, 134, 120, 126, 120, 156, 143, 120, 120, 120, 148, 120, 130, 134, 120, 120, 137]
[8, 9, 7][127, 122, 120, 133, 120, 120, 120, 120, 120, 120, 135, 120, 135, 121, 120, 133, 149, 120, 157, 120, 121, 120, 120, 120, 120, 147, 121, 120, 137, 120, 123, 120]
[6, 10, 7][131, 120, 139, 120, 120, 120, 120, 120, 120, 120, 120, 120, 120, 121, 120, 120, 124, 133, 120, 120, 120, 120, 120, 120, 142, 120, 120, 120, 136, 120, 120, 120]
[9, 10, 7][131, 120, 139, 120, 120, 120, 120, 120, 120, 120, 120, 120, 120, 121, 120, 120, 124, 133, 120, 120, 120, 120, 120, 120, 142, 120, 120, 120, 136, 120, 120, 120]
[5, 11, 7][131, 120, 139, 120, 120, 120, 120, 120, 120, 120, 120, 120, 120, 121, 120, 120, 124, 133, 120, 120, 120, 120, 120, 120, 142, 120, 120, 120, 136, 120, 120, 120]
[2, 13, 7][120, 120, 120, 120, 120, 126, 120, 120, 120, 120, 123, 120, 120, 120, 120, 120, 120, 137, 120, 120, 120, 120, 120, 120, 120, 120, 120, 120, 120, 120, 120, 120]
[7, 14, 7][131, 120, 139, 120, 120, 120, 120, 120, 120, 120, 120, 120, 120, 121, 120, 120, 124, 133, 120, 120, 120, 120, 120, 120, 142, 120, 120, 120, 136, 120, 120, 120]
[10, 4, 8][120, 120, 120, 120, 120, 126, 120, 120, 120, 120, 123, 120, 120, 120, 120, 120, 120, 137, 120, 120, 120, 120, 120, 120, 120, 120, 120, 120, 120, 120, 120, 120]
[8, 6, 8][141, 120, 120, 120, 169, 120, 120, 120, 156, 120, 130, 120, 123, 120, 137, 124, 120, 120, 127, 161, 179, 149, 120, 164, 120, 138, 120, 131, 120, 120, 128, 174]
[9, 6, 8][144, 124, 120, 120, 174, 120, 120, 120, 130, 120, 120, 120, 120, 120, 137, 120, 120, 120, 120, 161, 202, 155, 120, 149, 120, 127, 120, 147, 120, 120, 125, 154]
[7, 7, 8][130, 121, 120, 120, 150, 120, 120, 133, 150, 120, 137, 120, 120, 120, 159, 120, 123, 120, 132, 149, 187, 186, 120, 153, 120, 157, 120, 124, 135, 127, 130, 195]
[8, 7, 8][145, 133, 120, 124, 164, 120, 120, 120, 125, 120, 135, 120, 120, 120, 159, 122, 127, 120, 128, 149, 210, 184, 120, 138, 120, 149, 120, 136, 120, 120, 131, 177]
[9, 7, 8][128, 120, 134, 121, 120, 120, 120, 120, 120, 120, 121, 120, 120, 132, 120, 120, 125, 131, 120, 120, 120, 120, 120, 120, 136, 120, 120, 120, 130, 120, 120, 120]
[2, 8, 8][131, 120, 139, 120, 120, 120, 120, 120, 120, 120, 120, 120, 120, 121, 120, 120, 124, 133, 120, 120, 120, 120, 120, 120, 142, 120, 120, 120, 136, 120, 120, 120]
[6, 8, 8][142, 120, 120, 120, 141, 120, 120, 120, 145, 120, 120, 120, 129, 120, 159, 120, 124, 120, 132, 137, 164, 172, 127, 159, 120, 177, 120, 120, 142, 120, 120, 206]
[7, 8, 8][147, 129, 144, 120, 146, 120, 120, 133, 120, 120, 138, 120, 120, 120, 159, 120, 136, 133, 136, 136, 187, 178, 120, 143, 140, 166, 120, 128, 141, 122, 120, 188]
[8, 8, 8][126, 120, 120, 125, 120, 125, 120, 120, 120, 120, 135, 120, 130, 120, 120, 134, 136, 120, 154, 150, 134, 120, 120, 124, 120, 128, 134, 120, 131, 120, 134, 120]
[9, 8, 8][132, 134, 120, 132, 120, 120, 120, 120, 120, 120, 120, 120, 120, 120, 124, 120, 121, 120, 131, 149, 157, 120, 120, 125, 120, 120, 140, 123, 120, 120, 135, 120]
[5, 9, 8][131, 120, 139, 120, 120, 120, 120, 120, 120, 120, 120, 120, 120, 121, 120, 120, 124, 133, 120, 120, 120, 120, 120, 120, 142, 120, 120, 120, 136, 120, 120, 120]
[6, 9, 8][131, 120, 139, 120, 120, 120, 120, 120, 120, 120, 120, 120, 120, 121, 120, 120, 124, 133, 120, 120, 120, 120, 120, 120, 142, 120, 120, 120, 136, 120, 120, 120]
[8, 9, 8][131, 120, 120, 144, 120, 120, 120, 120, 120, 123, 120, 120, 126, 120, 120, 127, 136, 120, 143, 132, 134, 120, 120, 120, 120, 127, 131, 120, 120, 120, 137, 120]
[4, 3, 9][131, 120, 139, 120, 120, 120, 120, 120, 120, 120, 120, 120, 120, 121, 120, 120, 124, 133, 120, 120, 120, 120, 120, 120, 142, 120, 120, 120, 136, 120, 120, 120]
[8, 6, 9][139, 120, 120, 120, 159, 131, 144, 120, 154, 120, 136, 128, 120, 120, 147, 120, 120, 120, 121, 182, 179, 147, 123, 165, 120, 128, 120, 131, 120, 124, 142, 169]
[9, 6, 9][144, 124, 120, 120, 165, 120, 142, 120, 128, 120, 120, 120, 120, 120, 137, 120, 120, 120, 120, 161, 202, 151, 120, 149, 120, 120, 120, 147, 120, 120, 125, 151]
[7, 7, 9][129, 120, 120, 120, 150, 120, 120, 120, 128, 120, 139, 126, 120, 120, 163, 120, 120, 120, 120, 164, 174, 176, 120, 163, 120, 143, 120, 120, 122, 120, 144, 171]
[8, 7, 9][124, 120, 134, 120, 155, 120, 120, 128, 125, 120, 148, 122, 120, 120, 163, 126, 120, 120, 120, 164, 186, 162, 120, 148, 135, 146, 140, 129, 139, 120, 145, 177]
[14, 7, 9][120, 120, 120, 120, 120, 126, 120, 120, 120, 120, 123, 120, 120, 120, 120, 120, 120, 137, 120, 120, 120, 120, 120, 120, 120, 120, 120, 120, 120, 120, 120, 120]
[6, 8, 9][129, 120, 120, 120, 139, 120, 120, 120, 136, 120, 120, 120, 120, 120, 143, 120, 123, 120, 132, 139, 151, 162, 120, 149, 120, 173, 120, 120, 129, 120, 120, 192]
[7, 8, 9][126, 120, 120, 120, 145, 120, 120, 120, 121, 120, 120, 120, 120, 120, 163, 120, 121, 120, 130, 142, 163, 159, 120, 146, 120, 162, 120, 120, 130, 120, 121, 174]
[8, 8, 9][129, 120, 136, 130, 120, 127, 120, 120, 135, 120, 149, 120, 130, 124, 120, 127, 131, 134, 125, 134, 120, 120, 127, 126, 141, 129, 137, 120, 145, 120, 127, 127]
[9, 8, 9][131, 120, 139, 120, 120, 120, 120, 120, 120, 120, 120, 120, 120, 121, 120, 120, 124, 133, 120, 120, 120, 120, 120, 120, 142, 120, 120, 120, 136, 120, 120, 120]
[7, 9, 9][131, 120, 139, 120, 120, 120, 120, 120, 120, 120, 120, 120, 120, 121, 120, 120, 124, 133, 120, 120, 120, 120, 120, 120, 142, 120, 120, 120, 136, 120, 120, 120]
[8, 9, 9][134, 120, 134, 149, 120, 120, 120, 120, 129, 121, 149, 120, 135, 137, 120, 130, 144, 134, 137, 120, 120, 120, 122, 120, 144, 152, 134, 120, 154, 120, 130, 130]
[6, 11, 9][131, 120, 139, 120, 120, 120, 120, 120, 120, 120, 120, 120, 120, 121, 120, 120, 124, 133, 120, 120, 120, 120, 120, 120, 142, 120, 120, 120, 136, 120, 120, 120]
[15, 12, 9][120, 120, 120, 120, 120, 126, 120, 120, 120, 120, 123, 120, 120, 120, 120, 120, 120, 137, 120, 120, 120, 120, 120, 120, 120, 120, 120, 120, 120, 120, 120, 120]
[9, 5, 10][120, 120, 120, 120, 120, 126, 120, 120, 120, 120, 123, 120, 120, 120, 120, 120, 120, 137, 120, 120, 120, 120, 120, 120, 120, 120, 120, 120, 120, 120, 120, 120]
[8, 6, 10][123, 120, 125, 120, 120, 130, 120, 141, 120, 120, 131, 120, 120, 120, 120, 120, 120, 130, 120, 145, 122, 120, 124, 124, 120, 120, 140, 120, 120, 120, 125, 120]
[9, 6, 10][128, 135, 120, 120, 124, 130, 123, 138, 120, 123, 131, 120, 120, 120, 120, 120, 120, 128, 120, 141, 145, 120, 120, 122, 120, 120, 144, 136, 120, 123, 125, 120]
[7, 7, 10][120, 127, 120, 120, 141, 121, 120, 139, 120, 120, 131, 120, 120, 120, 120, 120, 120, 132, 120, 157, 142, 141, 120, 141, 120, 120, 124, 128, 120, 134, 120, 121]
[8, 7, 10][128, 120, 123, 135, 120, 121, 120, 128, 120, 129, 131, 120, 120, 120, 120, 120, 126, 130, 120, 126, 122, 120, 120, 120, 120, 127, 137, 124, 122, 120, 128, 120]
[6, 8, 10][120, 120, 120, 124, 120, 123, 120, 120, 120, 120, 134, 120, 120, 120, 120, 120, 120, 132, 120, 139, 120, 126, 120, 131, 120, 120, 120, 120, 120, 123, 120, 120]
[7, 8, 10][127, 120, 136, 120, 120, 120, 120, 120, 120, 120, 120, 120, 120, 130, 120, 120, 124, 132, 120, 120, 120, 120, 120, 120, 138, 120, 120, 120, 130, 120, 120, 120]
[8, 8, 10][120, 120, 120, 135, 120, 120, 120, 120, 120, 120, 137, 120, 120, 120, 120, 120, 123, 132, 120, 126, 120, 120, 126, 121, 121, 120, 120, 120, 120, 120, 127, 120]
[9, 8, 10][128, 120, 130, 122, 120, 120, 120, 120, 120, 120, 125, 120, 120, 143, 122, 120, 129, 128, 120, 120, 120, 120, 120, 120, 135, 121, 120, 120, 131, 120, 120, 120]
[13, 8, 10][120, 120, 120, 120, 120, 126, 120, 120, 120, 120, 123, 120, 120, 120, 120, 120, 120, 137, 120, 120, 120, 120, 120, 120, 120, 120, 120, 120, 120, 120, 120, 120]
[8, 9, 10][120, 120, 120, 153, 120, 120, 120, 120, 120, 126, 139, 120, 120, 133, 120, 122, 135, 132, 120, 120, 120, 120, 135, 120, 123, 127, 120, 120, 120, 120, 130, 120]
[5, 10, 10][131, 120, 139, 120, 120, 120, 120, 120, 120, 120, 120, 120, 120, 121, 120, 120, 124, 133, 120, 120, 120, 120, 120, 120, 142, 120, 120, 120, 136, 120, 120, 120]
[6, 10, 10][131, 120, 139, 120, 120, 120, 120, 120, 120, 120, 120, 120, 120, 121, 120, 120, 124, 133, 120, 120, 120, 120, 120, 120, 142, 120, 120, 120, 136, 120, 120, 120]
[7, 10, 10][131, 120, 139, 120, 120, 120, 120, 120, 120, 120, 120, 120, 120, 121, 120, 120, 124, 133, 120, 120, 120, 120, 120, 120, 142, 120, 120, 120, 136, 120, 120, 120]
[6, 13, 10][131, 120, 139, 120, 120, 120, 120, 120, 120, 120, 120, 120, 120, 121, 120, 120, 124, 133, 120, 120, 120, 120, 120, 120, 142, 120, 120, 120, 136, 120, 120, 120]
[11, 15, 10][131, 120, 139, 120, 120, 120, 120, 120, 120, 120, 120, 120, 120, 121, 120, 120, 124, 133, 120, 120, 120, 120, 120, 120, 142, 120, 120, 120, 136, 120, 120, 120]
[10, 1, 11][120, 120, 120, 120, 120, 126, 120, 120, 120, 120, 123, 120, 120, 120, 120, 120, 120, 137, 120, 120, 120, 120, 120, 120, 120, 120, 120, 120, 120, 120, 120, 120]
[11, 1, 11][131, 120, 139, 120, 120, 120, 120, 120, 120, 120, 120, 120, 120, 121, 120, 120, 124, 133, 120, 120, 120, 120, 120, 120, 142, 120, 120, 120, 136, 120, 120, 120]
[9, 2, 11][131, 120, 139, 120, 120, 120, 120, 120, 120, 120, 120, 120, 120, 121, 120, 120, 124, 133, 120, 120, 120, 120, 120, 120, 142, 120, 120, 120, 136, 120, 120, 120]
[4, 3, 11][120, 120, 120, 120, 120, 126, 120, 120, 120, 120, 123, 120, 120, 120, 120, 120, 120, 137, 120, 120, 120, 120, 120, 120, 120, 120, 120, 120, 120, 120, 120, 120]
[1, 4, 11][120, 120, 120, 126, 120, 124, 120, 120, 120, 120, 133, 120, 120, 120, 120, 120, 120, 132, 120, 137, 120, 128, 120, 128, 120, 120, 120, 120, 120, 121, 120, 120]
[9, 4, 11][120, 120, 120, 120, 120, 126, 120, 120, 120, 120, 123, 120, 120, 120, 120, 120, 120, 137, 120, 120, 120, 120, 120, 120, 120, 120, 120, 120, 120, 120, 120, 120]
[7, 5, 11][120, 120, 120, 120, 120, 126, 120, 120, 120, 120, 123, 120, 120, 120, 120, 120, 120, 137, 120, 120, 120, 120, 120, 120, 120, 120, 120, 120, 120, 120, 120, 120]
[9, 5, 11][120, 120, 120, 120, 120, 126, 120, 120, 120, 120, 123, 120, 120, 120, 120, 120, 120, 137, 120, 120, 120, 120, 120, 120, 120, 120, 120, 120, 120, 120, 120, 120]
[7, 6, 11][120, 120, 120, 120, 120, 126, 120, 120, 120, 120, 123, 120, 120, 120, 120, 120, 120, 137, 120, 120, 120, 120, 120, 120, 120, 120, 120, 120, 120, 120, 120, 120]
[8, 6, 11][120, 120, 123, 120, 120, 120, 120, 120, 120, 120, 123, 120, 120, 120, 120, 120, 120, 129, 120, 141, 123, 147, 120, 135, 120, 120, 120, 120, 120, 120, 120, 120]
[9, 6, 11][120, 120, 120, 120, 120, 126, 120, 120, 120, 120, 123, 120, 120, 120, 120, 120, 120, 137, 120, 120, 120, 120, 120, 120, 120, 120, 120, 120, 120, 120, 120, 120]
[7, 7, 11][125, 120, 120, 133, 143, 120, 120, 131, 129, 120, 126, 120, 137, 120, 120, 123, 129, 129, 127, 123, 120, 132, 120, 140, 120, 150, 120, 120, 124, 120, 120, 146]
[8, 7, 11][124, 120, 123, 134, 120, 124, 120, 128, 120, 121, 134, 120, 120, 120, 120, 136, 146, 130, 152, 126, 120, 120, 120, 120, 120, 127, 137, 120, 122, 120, 128, 120]
[9, 7, 11][131, 120, 139, 120, 120, 120, 120, 120, 120, 120, 120, 120, 120, 121, 120, 120, 124, 133, 120, 120, 120, 120, 120, 120, 142, 120, 120, 120, 136, 120, 120, 120]
[6, 8, 11][120, 120, 133, 130, 120, 120, 120, 120, 120, 120, 139, 120, 120, 120, 120, 120, 128, 133, 120, 123, 120, 120, 120, 120, 134, 120, 120, 120, 123, 120, 123, 120]
[7, 8, 11][120, 120, 130, 125, 120, 120, 124, 120, 120, 120, 120, 120, 120, 124, 120, 133, 126, 130, 120, 120, 120, 120, 130, 120, 135, 120, 120, 120, 128, 120, 120, 120]
[8, 8, 11][125, 120, 120, 120, 120, 124, 120, 120, 120, 120, 139, 120, 120, 146, 129, 127, 139, 120, 146, 120, 120, 120, 139, 125, 121, 120, 120, 120, 120, 120, 120, 124]
[9, 8, 11][130, 130, 130, 126, 121, 120, 120, 129, 120, 120, 137, 120, 120, 143, 122, 120, 134, 129, 120, 137, 129, 129, 127, 120, 135, 121, 123, 122, 131, 121, 128, 120]
[3, 9, 11][120, 120, 120, 120, 120, 126, 120, 120, 120, 120, 123, 120, 120, 120, 120, 120, 120, 137, 120, 120, 120, 120, 120, 120, 120, 120, 120, 120, 120, 120, 120, 120]
[6, 9, 11][131, 120, 139, 120, 120, 120, 120, 120, 120, 120, 120, 120, 120, 121, 120, 120, 124, 133, 120, 120, 120, 120, 120, 120, 142, 120, 120, 120, 136, 120, 120, 120]
[8, 9, 11][131, 120, 139, 120, 120, 120, 120, 120, 120, 120, 120, 120, 120, 121, 120, 120, 124, 133, 120, 120, 120, 120, 120, 120, 142, 120, 120, 120, 136, 120, 120, 120]
[10, 9, 11][120, 120, 120, 120, 120, 126, 120, 120, 120, 120, 123, 120, 120, 120, 120, 120, 120, 137, 120, 120, 120, 120, 120, 120, 120, 120, 120, 120, 120, 120, 120, 120]
[4, 10, 11][131, 120, 139, 120, 120, 120, 120, 120, 120, 120, 120, 120, 120, 121, 120, 120, 124, 133, 120, 120, 120, 120, 120, 120, 142, 120, 120, 120, 136, 120, 120, 120]
[0, 14, 11][120, 120, 120, 120, 120, 126, 120, 120, 120, 120, 123, 120, 120, 120, 120, 120, 120, 137, 120, 120, 120, 120, 120, 120, 120, 120, 120, 120, 120, 120, 120, 120]
[3, 0, 12][120, 120, 120, 120, 120, 126, 120, 120, 120, 120, 123, 120, 120, 120, 120, 120, 120, 137, 120, 120, 120, 120, 120, 120, 120, 120, 120, 120, 120, 120, 120, 120]
[11, 1, 12][127, 120, 128, 135, 120, 121, 120, 126, 120, 120, 155, 120, 120, 120, 120, 120, 129, 132, 120, 129, 120, 120, 120, 120, 125, 120, 125, 120, 120, 120, 128, 120]
[14, 1, 12][120, 120, 120, 120, 120, 126, 120, 120, 120, 120, 123, 120, 120, 120, 120, 120, 120, 137, 120, 120, 120, 120, 120, 120, 120, 120, 120, 120, 120, 120, 120, 120]
[2, 2, 12][120, 120, 120, 120, 120, 126, 120, 120, 120, 120, 123, 120, 120, 120, 120, 120, 120, 137, 120, 120, 120, 120, 120, 120, 120, 120, 120, 120, 120, 120, 120, 120]
[0, 3, 12][120, 120, 120, 120, 120, 126, 120, 120, 120, 120, 123, 120, 120, 120, 120, 120, 120, 137, 120, 120, 120, 120, 120, 120, 120, 120, 120, 120, 120, 120, 120, 120]
[2, 3, 12][120, 120, 120, 120, 120, 126, 120, 120, 120, 120, 123, 120, 120, 120, 120, 120, 120, 137, 120, 120, 120, 120, 120, 120, 120, 120, 120, 120, 120, 120, 120, 120]
[4, 3, 12][131, 120, 139, 120, 120, 120, 120, 120, 120, 120, 120, 120, 120, 121, 120, 120, 124, 133, 120, 120, 120, 120, 120, 120, 142, 120, 120, 120, 136, 120, 120, 120]
[7, 5, 12][131, 120, 139, 120, 120, 120, 120, 120, 120, 120, 120, 120, 120, 121, 120, 120, 124, 133, 120, 120, 120, 120, 120, 120, 142, 120, 120, 120, 136, 120, 120, 120]
[10, 5, 12][120, 120, 120, 120, 120, 126, 120, 120, 120, 120, 123, 120, 120, 120, 120, 120, 120, 137, 120, 120, 120, 120, 120, 120, 120, 120, 120, 120, 120, 120, 120, 120]
[13, 5, 12][120, 120, 120, 120, 120, 126, 120, 120, 120, 120, 123, 120, 120, 120, 120, 120, 120, 137, 120, 120, 120, 120, 120, 120, 120, 120, 120, 120, 120, 120, 120, 120]
[8, 6, 12][120, 120, 120, 120, 120, 126, 120, 120, 120, 120, 123, 120, 120, 120, 120, 120, 120, 137, 120, 120, 120, 120, 120, 120, 120, 120, 120, 120, 120, 120, 120, 120]
[9, 6, 12][120, 120, 120, 120, 120, 126, 120, 120, 120, 120, 123, 120, 120, 120, 120, 120, 120, 137, 120, 120, 120, 120, 120, 120, 120, 120, 120, 120, 120, 120, 120, 120]
[7, 7, 12][120, 120, 120, 130, 120, 123, 120, 120, 120, 120, 130, 120, 120, 120, 120, 120, 120, 131, 120, 141, 120, 134, 120, 132, 120, 120, 120, 120, 120, 122, 120, 120]
[8, 7, 12][124, 120, 120, 128, 120, 124, 120, 120, 120, 120, 134, 120, 120, 120, 120, 136, 149, 120, 156, 122, 121, 120, 120, 120, 122, 120, 128, 120, 127, 120, 123, 120]
[9, 7, 12][120, 120, 120, 120, 120, 126, 120, 120, 120, 120, 123, 120, 120, 120, 120, 120, 120, 137, 120, 120, 120, 120, 120, 120, 120, 120, 120, 120, 120, 120, 120, 120]
[4, 8, 12][131, 120, 139, 120, 120, 120, 120, 120, 120, 120, 120, 120, 120, 121, 120, 120, 124, 133, 120, 120, 120, 120, 120, 120, 142, 120, 120, 120, 136, 120, 120, 120]
[6, 8, 12][131, 120, 139, 120, 120, 120, 120, 120, 120, 120, 120, 120, 120, 121, 120, 120, 124, 133, 120, 120, 120, 120, 120, 120, 142, 120, 120, 120, 136, 120, 120, 120]
[7, 8, 12][131, 120, 139, 120, 120, 120, 120, 120, 120, 120, 120, 120, 120, 121, 120, 120, 124, 133, 120, 120, 120, 120, 120, 120, 142, 120, 120, 120, 136, 120, 120, 120]
[8, 8, 12][120, 120, 127, 133, 120, 120, 120, 120, 120, 120, 136, 120, 120, 120, 120, 126, 131, 130, 127, 123, 120, 120, 123, 120, 127, 120, 120, 120, 122, 120, 121, 120]
[9, 8, 12][123, 132, 120, 121, 120, 120, 120, 120, 120, 120, 129, 120, 120, 129, 129, 120, 137, 123, 137, 120, 132, 123, 120, 120, 122, 120, 120, 120, 120, 120, 121, 120]
[4, 10, 12][120, 120, 120, 120, 120, 126, 120, 120, 120, 120, 123, 120, 120, 120, 120, 120, 120, 137, 120, 120, 120, 120, 120, 120, 120, 120, 120, 120, 120, 120, 120, 120]
[8, 6, 13][120, 120, 120, 120, 120, 126, 120, 120, 120, 120, 123, 120, 120, 120, 120, 120, 120, 137, 120, 120, 120, 120, 120, 120, 120, 120, 120, 120, 120, 120, 120, 120]
[9, 6, 13][131, 120, 139, 120, 120, 120, 120, 120, 120, 120, 120, 120, 120, 121, 120, 120, 124, 133, 120, 120, 120, 120, 120, 120, 142, 120, 120, 120, 136, 120, 120, 120]
[8, 7, 13][128, 120, 120, 120, 127, 127, 120, 120, 120, 120, 120, 120, 121, 126, 133, 120, 130, 121, 156, 120, 122, 120, 120, 122, 124, 120, 120, 120, 131, 120, 120, 120]
[9, 7, 13][131, 120, 139, 120, 120, 120, 120, 120, 120, 120, 120, 120, 120, 121, 120, 120, 124, 133, 120, 120, 120, 120, 120, 120, 142, 120, 120, 120, 136, 120, 120, 120]
[6, 8, 13][120, 120, 122, 126, 121, 135, 120, 120, 137, 120, 124, 122, 132, 141, 131, 145, 144, 124, 161, 137, 120, 123, 158, 147, 124, 135, 120, 120, 138, 120, 120, 134]
[7, 8, 13][128, 141, 120, 128, 126, 120, 120, 120, 123, 120, 122, 120, 129, 138, 133, 129, 142, 121, 152, 123, 130, 120, 132, 128, 125, 139, 120, 120, 137, 120, 120, 130]
[8, 8, 13][133, 134, 120, 132, 125, 120, 120, 120, 120, 124, 131, 120, 126, 139, 133, 120, 161, 121, 159, 120, 133, 120, 120, 120, 126, 130, 120, 120, 137, 120, 120, 123]
[3, 9, 13][131, 120, 139, 120, 120, 120, 120, 120, 120, 120, 120, 120, 120, 121, 120, 120, 124, 133, 120, 120, 120, 120, 120, 120, 142, 120, 120, 120, 136, 120, 120, 120]
[6, 9, 13][131, 120, 139, 120, 120, 120, 120, 120, 120, 120, 120, 120, 120, 121, 120, 120, 124, 133, 120, 120, 120, 120, 120, 120, 142, 120, 120, 120, 136, 120, 120, 120]
[7, 9, 13][126, 120, 141, 120, 122, 124, 120, 130, 120, 120, 122, 120, 120, 125, 131, 120, 123, 133, 120, 128, 120, 124, 138, 122, 140, 120, 120, 120, 129, 120, 120, 120]
[8, 9, 13][131, 120, 139, 120, 120, 120, 120, 120, 120, 120, 120, 120, 120, 121, 120, 120, 124, 133, 120, 120, 120, 120, 120, 120, 142, 120, 120, 120, 136, 120, 120, 120]
[4, 10, 13][131, 120, 139, 120, 120, 120, 120, 120, 120, 120, 120, 120, 120, 121, 120, 120, 124, 133, 120, 120, 120, 120, 120, 120, 142, 120, 120, 120, 136, 120, 120, 120]
[5, 10, 13][131, 120, 139, 120, 120, 120, 120, 120, 120, 120, 120, 120, 120, 121, 120, 120, 124, 133, 120, 120, 120, 120, 120, 120, 142, 120, 120, 120, 136, 120, 120, 120]
[7, 10, 13][131, 120, 139, 120, 120, 120, 120, 120, 120, 120, 120, 120, 120, 121, 120, 120, 124, 133, 120, 120, 120, 120, 120, 120, 142, 120, 120, 120, 136, 120, 120, 120]
[8, 10, 13][131, 120, 139, 120, 120, 120, 120, 120, 120, 120, 120, 120, 120, 121, 120, 120, 124, 133, 120, 120, 120, 120, 120, 120, 142, 120, 120, 120, 136, 120, 120, 120]
[14, 12, 13][131, 120, 139, 120, 120, 120, 120, 120, 120, 120, 120, 120, 120, 121, 120, 120, 124, 133, 120, 120, 120, 120, 120, 120, 142, 120, 120, 120, 136, 120, 120, 120]
[15, 12, 13][131, 120, 139, 120, 120, 120, 120, 120, 120, 120, 120, 120, 120, 121, 120, 120, 124, 133, 120, 120, 120, 120, 120, 120, 142, 120, 120, 120, 136, 120, 120, 120]
[8, 6, 14][120, 124, 120, 120, 162, 126, 166, 120, 151, 120, 123, 134, 145, 120, 132, 120, 120, 137, 127, 167, 198, 186, 120, 174, 120, 143, 120, 136, 131, 126, 120, 156]
[9, 6, 14][122, 139, 122, 121, 158, 120, 164, 122, 126, 120, 121, 128, 131, 120, 122, 120, 120, 137, 120, 150, 215, 173, 120, 154, 120, 133, 121, 138, 120, 120, 120, 130]
[6, 7, 14][143, 120, 131, 120, 163, 120, 120, 120, 161, 120, 120, 120, 140, 120, 140, 120, 120, 120, 132, 148, 171, 181, 120, 160, 120, 180, 120, 132, 144, 120, 120, 201]
[7, 7, 14][149, 124, 134, 120, 168, 120, 122, 120, 158, 120, 120, 120, 152, 120, 140, 120, 120, 120, 123, 149, 194, 187, 120, 179, 120, 174, 120, 147, 143, 120, 120, 183]
[8, 7, 14][128, 132, 120, 136, 157, 127, 121, 120, 133, 126, 124, 127, 138, 128, 133, 130, 130, 137, 156, 153, 198, 178, 120, 164, 124, 163, 120, 140, 138, 124, 133, 159]
[9, 7, 14][120, 120, 120, 120, 144, 120, 164, 120, 120, 120, 139, 136, 135, 160, 120, 120, 136, 120, 143, 120, 160, 120, 120, 131, 120, 151, 120, 141, 120, 120, 120, 132]
[6, 8, 14][148, 120, 129, 124, 158, 120, 120, 120, 155, 120, 120, 121, 145, 120, 140, 120, 122, 120, 135, 135, 170, 172, 120, 150, 120, 199, 120, 135, 150, 120, 120, 204]
[7, 8, 14][126, 132, 120, 125, 156, 120, 122, 120, 152, 120, 122, 125, 133, 138, 137, 144, 142, 120, 148, 135, 164, 161, 120, 170, 122, 179, 120, 138, 149, 120, 134, 186]
[8, 8, 14][124, 120, 120, 128, 152, 126, 120, 120, 133, 120, 122, 120, 123, 120, 123, 129, 133, 123, 144, 135, 165, 146, 133, 155, 128, 168, 120, 120, 129, 120, 136, 152]
[9, 8, 14][129, 134, 121, 120, 127, 120, 120, 120, 120, 120, 120, 120, 120, 135, 120, 120, 140, 122, 150, 120, 138, 120, 120, 120, 129, 120, 120, 121, 136, 120, 120, 120]
[6, 9, 14][131, 120, 139, 121, 120, 120, 120, 120, 120, 120, 126, 120, 120, 147, 120, 120, 135, 133, 128, 120, 120, 120, 120, 120, 142, 123, 120, 120, 136, 120, 120, 120]
[7, 9, 14][131, 120, 139, 120, 120, 120, 120, 120, 120, 120, 120, 120, 120, 121, 120, 120, 124, 133, 120, 120, 120, 120, 120, 120, 142, 120, 120, 120, 136, 120, 120, 120]
[8, 9, 14][131, 120, 139, 120, 120, 120, 120, 120, 120, 120, 120, 120, 120, 121, 120, 120, 124, 133, 120, 120, 120, 120, 120, 120, 142, 120, 120, 120, 136, 120, 120, 120]
[8, 11, 14][131, 120, 139, 120, 120, 120, 120, 120, 120, 120, 120, 120, 120, 121, 120, 120, 124, 133, 120, 120, 120, 120, 120, 120, 142, 120, 120, 120, 136, 120, 120, 120]
[8, 12, 14][131, 120, 139, 120, 120, 120, 120, 120, 120, 120, 120, 120, 120, 121, 120, 120, 124, 133, 120, 120, 120, 120, 120, 120, 142, 120, 120, 120, 136, 120, 120, 120]
[0, 1, 15][131, 120, 139, 120, 120, 120, 120, 120, 120, 120, 120, 120, 120, 121, 120, 120, 124, 133, 120, 120, 120, 120, 120, 120, 142, 120, 120, 120, 136, 120, 120, 120]
[1, 5, 15][131, 120, 139, 120, 120, 120, 120, 120, 120, 120, 120, 120, 120, 121, 120, 120, 124, 133, 120, 120, 120, 120, 120, 120, 142, 120, 120, 120, 136, 120, 120, 120]
[8, 6, 15][126, 141, 120, 120, 163, 120, 149, 127, 147, 120, 120, 121, 139, 120, 123, 120, 120, 120, 129, 162, 207, 167, 120, 170, 120, 148, 120, 147, 120, 126, 123, 154]
[9, 6, 15][131, 142, 120, 120, 169, 120, 147, 130, 121, 120, 120, 120, 125, 120, 122, 120, 120, 120, 120, 150, 223, 173, 120, 154, 120, 133, 120, 159, 120, 120, 120, 136]
[7, 7, 15][120, 125, 120, 120, 147, 120, 120, 120, 138, 120, 120, 120, 134, 120, 132, 120, 120, 120, 122, 146, 184, 172, 120, 157, 120, 178, 120, 135, 139, 120, 125, 177]
[8, 7, 15][131, 148, 120, 120, 158, 120, 121, 120, 133, 120, 120, 131, 143, 120, 129, 120, 120, 120, 121, 158, 207, 154, 120, 164, 120, 167, 120, 151, 121, 128, 146, 153]
[9, 7, 15][126, 120, 120, 120, 120, 122, 157, 120, 120, 120, 139, 136, 120, 160, 131, 120, 146, 120, 150, 120, 120, 120, 120, 120, 125, 151, 120, 120, 127, 120, 120, 125]
[6, 8, 15][148, 120, 129, 130, 158, 120, 120, 120, 157, 120, 120, 130, 152, 133, 140, 147, 128, 120, 143, 130, 170, 172, 120, 155, 120, 199, 120, 135, 150, 120, 131, 204]
[7, 8, 15][122, 120, 120, 123, 120, 120, 120, 120, 120, 120, 120, 129, 130, 129, 137, 132, 126, 120, 134, 140, 124, 130, 120, 120, 120, 183, 120, 121, 131, 120, 147, 152]
[8, 8, 15][126, 122, 120, 121, 152, 120, 120, 120, 126, 120, 120, 123, 123, 120, 129, 120, 120, 120, 120, 140, 169, 146, 120, 155, 120, 186, 120, 137, 128, 120, 149, 152]
[6, 9, 15][131, 120, 139, 120, 120, 120, 120, 120, 120, 120, 120, 120, 120, 121, 120, 120, 124, 133, 120, 120, 120, 120, 120, 120, 142, 120, 120, 120, 136, 120, 120, 120]
[8, 9, 15][131, 120, 139, 120, 120, 120, 120, 120, 120, 120, 120, 120, 120, 121, 120, 120, 124, 133, 120, 120, 120, 120, 120, 120, 142, 120, 120, 120, 136, 120, 120, 120]
