0.000000000000000000e+00
0.000000000000000000e+00
0.000000000000000000e+00
1.919909000396728516e+00
0.000000000000000000e+00
0.000000000000000000e+00
0.000000000000000000e+00
6.645838618278503418e-01
0.000000000000000000e+00
0.000000000000000000e+00
0.000000000000000000e+00
0.000000000000000000e+00
0.000000000000000000e+00
0.000000000000000000e+00
0.000000000000000000e+00
5.907412171363830566e-01
0.000000000000000000e+00
0.000000000000000000e+00
0.000000000000000000e+00
0.000000000000000000e+00
0.000000000000000000e+00
0.000000000000000000e+00
0.000000000000000000e+00
0.000000000000000000e+00
6.645838618278503418e-01
0.000000000000000000e+00
6.645838618278503418e-01
0.000000000000000000e+00
0.000000000000000000e+00
0.000000000000000000e+00
0.000000000000000000e+00
0.000000000000000000e+00
0.000000000000000000e+00
0.000000000000000000e+00
8.861118555068969727e-01
1.919909000396728516e+00
0.000000000000000000e+00
0.000000000000000000e+00
0.000000000000000000e+00
6.645838618278503418e-01
0.000000000000000000e+00
1.476853042840957642e-01
0.000000000000000000e+00
0.000000000000000000e+00
0.000000000000000000e+00
0.000000000000000000e+00
0.000000000000000000e+00
5.907412171363830566e-01
0.000000000000000000e+00
2.215279638767242432e-01
2.215279638767242432e-01
0.000000000000000000e+00
0.000000000000000000e+00
0.000000000000000000e+00
0.000000000000000000e+00
0.000000000000000000e+00
6.645838618278503418e-01
0.000000000000000000e+00
7.384265065193176270e-01
0.000000000000000000e+00
0.000000000000000000e+00
0.000000000000000000e+00
0.000000000000000000e+00
0.000000000000000000e+00
0.000000000000000000e+00
0.000000000000000000e+00
0.000000000000000000e+00
1.919909000396728516e+00
0.000000000000000000e+00
0.000000000000000000e+00
0.000000000000000000e+00
6.645838618278503418e-01
0.000000000000000000e+00
0.000000000000000000e+00
0.000000000000000000e+00
0.000000000000000000e+00
0.000000000000000000e+00
0.000000000000000000e+00
0.000000000000000000e+00
5.907412171363830566e-01
0.000000000000000000e+00
0.000000000000000000e+00
0.000000000000000000e+00
0.000000000000000000e+00
0.000000000000000000e+00
0.000000000000000000e+00
0.000000000000000000e+00
0.000000000000000000e+00
6.645838618278503418e-01
0.000000000000000000e+00
6.645838618278503418e-01
0.000000000000000000e+00
0.000000000000000000e+00
0.000000000000000000e+00
0.000000000000000000e+00
0.000000000000000000e+00
0.000000000000000000e+00
0.000000000000000000e+00
0.000000000000000000e+00
1.919909000396728516e+00
0.000000000000000000e+00
0.000000000000000000e+00
0.000000000000000000e+00
6.645838618278503418e-01
0.000000000000000000e+00
0.000000000000000000e+00
0.000000000000000000e+00
0.000000000000000000e+00
0.000000000000000000e+00
0.000000000000000000e+00
0.000000000000000000e+00
5.907412171363830566e-01
0.000000000000000000e+00
0.000000000000000000e+00
0.000000000000000000e+00
0.000000000000000000e+00
0.000000000000000000e+00
0.000000000000000000e+00
0.000000000000000000e+00
0.000000000000000000e+00
6.645838618278503418e-01
0.000000000000000000e+00
6.645838618278503418e-01
0.000000000000000000e+00
0.000000000000000000e+00
0.000000000000000000e+00
0.000000000000000000e+00
0.000000000000000000e+00
0.000000000000000000e+00
0.000000000000000000e+00
0.000000000000000000e+00
1.919909000396728516e+00
0.000000000000000000e+00
0.000000000000000000e+00
0.000000000000000000e+00
6.645838618278503418e-01
0.000000000000000000e+00
0.000000000000000000e+00
0.000000000000000000e+00
0.000000000000000000e+00
0.000000000000000000e+00
0.000000000000000000e+00
0.000000000000000000e+00
5.907412171363830566e-01
0.000000000000000000e+00
0.000000000000000000e+00
0.000000000000000000e+00
0.000000000000000000e+00
0.000000000000000000e+00
0.000000000000000000e+00
0.000000000000000000e+00
0.000000000000000000e+00
6.645838618278503418e-01
0.000000000000000000e+00
6.645838618278503418e-01
0.000000000000000000e+00
0.000000000000000000e+00
0.000000000000000000e+00
0.000000000000000000e+00
0.000000000000000000e+00
3.618289947509765625e+00
7.384265065193176270e-01
3.027548789978027344e+00
1.919909000396728516e+00
4.652087211608886719e+00
7.384265214204788208e-02
3.987503290176391602e+00
6.645838618278503418e-01
1.624538302421569824e+00
2.953706085681915283e-01
1.255325078964233398e+00
1.698380947113037109e+00
2.215279638767242432e-01
5.168985724449157715e-01
6.645838618278503418e-01
5.907412171363830566e-01
0.000000000000000000e+00
3.839818000793457031e+00
6.645838618278503418e-01
1.993751645088195801e+00
0.000000000000000000e+00
5.168985724449157715e-01
5.168985724449157715e-01
3.618289947509765625e+00
6.645838618278503418e-01
6.645838618278503418e-01
8.122691512107849121e-01
0.000000000000000000e+00
1.772223711013793945e+00
4.430559277534484863e-01
0.000000000000000000e+00
4.430559277534484863e-01
4.799772262573242188e+00
1.476853042840957642e-01
2.362964868545532227e+00
1.919909000396728516e+00
4.209031105041503906e+00
7.384265065193176270e-01
4.061346054077148438e+00
1.993751645088195801e+00
2.362964868545532227e+00
7.384265065193176270e-01
5.907412171363830566e-01
1.329167723655700684e+00
1.476853042840957642e-01
1.107639789581298828e+00
1.476853042840957642e-01
1.107639789581298828e+00
1.033797144889831543e+00
4.209031105041503906e+00
8.861118555068969727e-01
2.658335447311401367e+00
2.732178211212158203e+00
2.953706085681915283e-01
1.846066355705261230e+00
3.396761894226074219e+00
8.861118555068969727e-01
1.993751645088195801e+00
8.861118555068969727e-01
1.550695657730102539e+00
1.255325078964233398e+00
3.692132532596588135e-01
2.141436815261840820e+00
2.658335447311401367e+00
0.000000000000000000e+00
0.000000000000000000e+00
0.000000000000000000e+00
1.919909000396728516e+00
0.000000000000000000e+00
0.000000000000000000e+00
0.000000000000000000e+00
6.645838618278503418e-01
0.000000000000000000e+00
0.000000000000000000e+00
0.000000000000000000e+00
0.000000000000000000e+00
0.000000000000000000e+00
0.000000000000000000e+00
0.000000000000000000e+00
5.907412171363830566e-01
0.000000000000000000e+00
0.000000000000000000e+00
0.000000000000000000e+00
0.000000000000000000e+00
0.000000000000000000e+00
0.000000000000000000e+00
0.000000000000000000e+00
0.000000000000000000e+00
6.645838618278503418e-01
0.000000000000000000e+00
0.000000000000000000e+00
0.000000000000000000e+00
0.000000000000000000e+00
0.000000000000000000e+00
0.000000000000000000e+00
0.000000000000000000e+00
0.000000000000000000e+00
0.000000000000000000e+00
0.000000000000000000e+00
1.919909000396728516e+00
0.000000000000000000e+00
1.476853042840957642e-01
0.000000000000000000e+00
6.645838618278503418e-01
0.000000000000000000e+00
5.907412171363830566e-01
0.000000000000000000e+00
0.000000000000000000e+00
0.000000000000000000e+00
0.000000000000000000e+00
1.476853042840957642e-01
5.907412171363830566e-01
0.000000000000000000e+00
0.000000000000000000e+00
0.000000000000000000e+00
0.000000000000000000e+00
0.000000000000000000e+00
0.000000000000000000e+00
0.000000000000000000e+00
0.000000000000000000e+00
6.645838618278503418e-01
0.000000000000000000e+00
6.645838618278503418e-01
0.000000000000000000e+00
0.000000000000000000e+00
0.000000000000000000e+00
0.000000000000000000e+00
0.000000000000000000e+00
4.061346054077148438e+00
3.913660526275634766e+00
4.504401683807373047e+00
1.919909000396728516e+00
4.799772262573242188e+00
1.403010368347167969e+00
1.624538302421569824e+00
1.403010368347167969e+00
1.624538302421569824e+00
1.329167723655700684e+00
1.403010368347167969e+00
2.879863500595092773e+00
1.181482434272766113e+00
1.181482434272766113e+00
5.168985724449157715e-01
8.861118555068969727e-01
7.384265065193176270e-01
3.396761894226074219e+00
5.907412171363830566e-01
2.732178211212158203e+00
1.476853013038635254e+00
2.067594289779663086e+00
5.907412171363830566e-01
2.879863500595092773e+00
1.033797144889831543e+00
1.993751645088195801e+00
1.403010368347167969e+00
8.122691512107849121e-01
1.403010368347167969e+00
1.993751645088195801e+00
6.645838618278503418e-01
1.107639789581298828e+00
1.846066355705261230e+00
6.645838618278503418e-01
2.362964868545532227e+00
1.919909000396728516e+00
3.913660526275634766e+00
3.692132532596588135e-01
1.181482434272766113e+00
1.550695657730102539e+00
1.550695657730102539e+00
1.846066355705261230e+00
8.122691512107849121e-01
1.476853013038635254e+00
0.000000000000000000e+00
5.907412171363830566e-01
4.430559277534484863e-01
1.255325078964233398e+00
1.033797144889831543e+00
3.618289947509765625e+00
6.645838618278503418e-01
3.322919368743896484e+00
2.215279579162597656e+00
5.168985724449157715e-01
1.329167723655700684e+00
1.698380947113037109e+00
1.107639789581298828e+00
1.772223711013793945e+00
7.384265065193176270e-01
1.329167723655700684e+00
2.953706085681915283e-01
1.476853042840957642e-01
2.362964868545532227e+00
2.510650157928466797e+00
0.000000000000000000e+00
0.000000000000000000e+00
0.000000000000000000e+00
1.919909000396728516e+00
0.000000000000000000e+00
0.000000000000000000e+00
0.000000000000000000e+00
6.645838618278503418e-01
0.000000000000000000e+00
0.000000000000000000e+00
0.000000000000000000e+00
0.000000000000000000e+00
0.000000000000000000e+00
0.000000000000000000e+00
0.000000000000000000e+00
5.907412171363830566e-01
0.000000000000000000e+00
0.000000000000000000e+00
0.000000000000000000e+00
0.000000000000000000e+00
0.000000000000000000e+00
0.000000000000000000e+00
0.000000000000000000e+00
0.000000000000000000e+00
6.645838618278503418e-01
0.000000000000000000e+00
6.645838618278503418e-01
0.000000000000000000e+00
0.000000000000000000e+00
0.000000000000000000e+00
0.000000000000000000e+00
0.000000000000000000e+00
0.000000000000000000e+00
0.000000000000000000e+00
0.000000000000000000e+00
1.919909000396728516e+00
0.000000000000000000e+00
0.000000000000000000e+00
0.000000000000000000e+00
6.645838618278503418e-01
0.000000000000000000e+00
0.000000000000000000e+00
0.000000000000000000e+00
0.000000000000000000e+00
0.000000000000000000e+00
0.000000000000000000e+00
0.000000000000000000e+00
5.907412171363830566e-01
0.000000000000000000e+00
0.000000000000000000e+00
0.000000000000000000e+00
0.000000000000000000e+00
0.000000000000000000e+00
0.000000000000000000e+00
0.000000000000000000e+00
0.000000000000000000e+00
6.645838618278503418e-01
0.000000000000000000e+00
6.645838618278503418e-01
0.000000000000000000e+00
0.000000000000000000e+00
0.000000000000000000e+00
0.000000000000000000e+00
0.000000000000000000e+00
0.000000000000000000e+00
0.000000000000000000e+00
0.000000000000000000e+00
1.919909000396728516e+00
0.000000000000000000e+00
2.215279638767242432e-01
0.000000000000000000e+00
6.645838618278503418e-01
0.000000000000000000e+00
6.645838618278503418e-01
0.000000000000000000e+00
0.000000000000000000e+00
0.000000000000000000e+00
0.000000000000000000e+00
0.000000000000000000e+00
5.907412171363830566e-01
0.000000000000000000e+00
0.000000000000000000e+00
0.000000000000000000e+00
0.000000000000000000e+00
0.000000000000000000e+00
0.000000000000000000e+00
0.000000000000000000e+00
0.000000000000000000e+00
6.645838618278503418e-01
0.000000000000000000e+00
6.645838618278503418e-01
0.000000000000000000e+00
0.000000000000000000e+00
0.000000000000000000e+00
0.000000000000000000e+00
0.000000000000000000e+00
0.000000000000000000e+00
0.000000000000000000e+00
0.000000000000000000e+00
1.919909000396728516e+00
0.000000000000000000e+00
0.000000000000000000e+00
0.000000000000000000e+00
6.645838618278503418e-01
0.000000000000000000e+00
0.000000000000000000e+00
0.000000000000000000e+00
0.000000000000000000e+00
0.000000000000000000e+00
0.000000000000000000e+00
0.000000000000000000e+00
5.907412171363830566e-01
0.000000000000000000e+00
0.000000000000000000e+00
0.000000000000000000e+00
0.000000000000000000e+00
0.000000000000000000e+00
0.000000000000000000e+00
0.000000000000000000e+00
0.000000000000000000e+00
6.645838618278503418e-01
0.000000000000000000e+00
6.645838618278503418e-01
0.000000000000000000e+00
0.000000000000000000e+00
0.000000000000000000e+00
0.000000000000000000e+00
0.000000000000000000e+00
0.000000000000000000e+00
0.000000000000000000e+00
0.000000000000000000e+00
1.919909000396728516e+00
0.000000000000000000e+00
0.000000000000000000e+00
0.000000000000000000e+00
6.645838618278503418e-01
0.000000000000000000e+00
0.000000000000000000e+00
0.000000000000000000e+00
0.000000000000000000e+00
0.000000000000000000e+00
0.000000000000000000e+00
0.000000000000000000e+00
5.907412171363830566e-01
0.000000000000000000e+00
0.000000000000000000e+00
0.000000000000000000e+00
0.000000000000000000e+00
0.000000000000000000e+00
0.000000000000000000e+00
0.000000000000000000e+00
0.000000000000000000e+00
6.645838618278503418e-01
0.000000000000000000e+00
6.645838618278503418e-01
0.000000000000000000e+00
0.000000000000000000e+00
0.000000000000000000e+00
0.000000000000000000e+00
0.000000000000000000e+00
