67 65 0 -1
74 64 240 1
56 65 504 -1
75 52 622 1
57 72 673 -1
69 66 700 -1
54 68 700 -1
33 10 760 -1
53 66 1294 -1
53 71 1294 -1
54 71 1459 -1
55 72 1537 -1
54 73 1659 -1
71 58 1664 -1
75 58 1946 1
76 54 2027 1
69 65 2236 -1
76 49 2416 1
69 69 2684 -1
70 63 2798 -1
71 72 2805 -1
69 53 2818 1
52 73 2947 -1
67 77 3203 -1
54 71 3379 -1
71 58 3531 -1
70 66 3615 -1
75 62 3879 1
81 56 4110 1
55 72 4248 -1
75 51 4610 1
75 60 4653 1
69 64 5395 -1
70 66 5421 -1
54 67 5465 -1
55 71 5475 -1
70 53 5557 1
63 76 5622 -1
68 72 5870 -1
54 71 6037 -1
71 58 6117 -1
68 69 6675 -1
69 65 6685 -1
55 72 6997 -1
76 55 7083 1
73 51 7153 1
75 57 7365 1
68 66 7403 -1
41 79 7465 -1
53 71 7482 -1
57 74 7509 -1
70 66 7570 -1
29 114 7619 -1
69 69 7707 -1
19 104 7742 -1
56 90 7810 -1
101 94 7854 -1
66 77 7923 -1
52 76 8002 -1
73 113 8125 1
71 52 8452 1
58 64 8608 1
71 72 8690 -1
27 28 8826 -1
70 61 9502 -1
60 90 9551 -1
70 66 9814 -1
55 73 9889 -1
1 105 9909 -1
69 65 9988 -1
55 72 10237 -1
49 82 10249 -1
51 73 10290 -1
71 58 10537 -1
54 71 10538 -1
21 26 10726 -1
60 75 11255 -1
39 80 11449 -1
76 53 11697 1
69 97 11968 -1
68 76 12033 -1
55 77 12045 -1
70 66 12195 -1
51 69 12407 -1
69 63 12465 -1
26 4 12472 -1
61 77 12497 -1
69 69 12752 -1
68 71 13118 -1
59 77 13228 -1
49 81 13231 -1
54 70 13276 -1
73 113 13616 -1
75 65 13891 1
55 72 14096 -1
53 68 14262 -1
68 68 14321 -1
53 71 14486 -1
53 75 15465 -1
79 55 15675 1
75 52 15707 1
69 65 15898 -1
54 70 16062 -1
76 54 16062 1
109 68 16073 -1
70 66 16232 -1
71 61 16320 -1
56 90 16790 1
70 64 17079 -1
56 65 17615 -1
69 65 17990 -1
57 63 18154 1
89 2 18230 -1
54 71 18730 -1
54 70 18996 -1
56 72 19376 -1
109 45 19549 1
117 5 19583 -1
55 71 19734 -1
57 84 19761 -1
66 73 19838 -1
74 51 20208 1
69 69 20317 -1
55 72 20352 -1
109 45 20461 -1
69 65 20508 -1
65 57 20701 1
70 59 20748 -1
71 72 20748 -1
59 70 20916 -1
66 65 21183 -1
61 61 21219 1
56 90 21280 -1
72 52 21399 1
68 71 21453 -1
69 60 21483 -1
51 70 21492 -1
54 68 21534 -1
73 51 21547 1
71 61 21675 -1
64 58 21696 1
70 64 21697 -1
68 54 21896 1
67 55 21918 1
62 60 21962 1
64 65 21979 -1
61 68 22094 -1
50 67 22099 -1
59 63 22216 1
69 68 22245 -1
54 70 22400 -1
70 53 22409 1
65 57 22456 1
71 58 22502 -1
71 52 22502 1
71 57 22637 -1
70 67 22648 -1
69 53 22743 1
69 65 22751 -1
60 69 22781 -1
70 73 22822 -1
68 70 22983 -1
59 70 23064 -1
75 51 23263 1
71 71 23288 -1
76 52 23349 1
74 51 23404 1
65 64 23433 -1
69 70 23443 -1
73 51 23505 1
45 91 23694 -1
68 72 23706 -1
68 54 23722 1
68 61 23741 -1
63 59 23819 1
7 28 23843 -1
67 55 23915 1
70 52 24136 1
61 61 24146 1
71 52 24256 1
59 62 24381 1
57 63 24424 1
65 57 24461 1
55 71 24475 -1
56 72 24570 -1
56 90 24665 1
58 63 24754 1
60 62 24843 1
64 58 25010 1
66 56 25178 1
71 57 25204 -1
71 51 25205 1
56 65 25299 1
53 71 25344 -1
53 69 25364 -1
62 67 25375 -1
76 53 25485 1
73 51 25504 1
66 63 25652 -1
72 51 25828 1
68 54 25963 1
75 51 26060 1
70 67 26278 -1
71 71 26329 -1
69 53 26425 1
55 66 26485 1
71 52 26487 1
74 51 26541 1
77 52 26609 1
62 60 26648 1
70 64 26769 -1
58 62 26779 1
64 78 26812 -1
66 53 26863 1
70 66 26957 -1
63 66 26968 -1
65 57 27144 1
69 70 27424 -1
59 62 27448 1
54 70 27597 -1
59 70 27618 -1
64 65 27688 -1
75 61 27731 1
67 55 27799 1
61 61 28332 1
60 62 28347 1
71 57 28538 -1
57 63 28613 1
70 73 28620 -1
56 72 28828 -1
63 59 29070 1
60 69 29124 -1
69 65 29213 -1
62 67 29413 -1
61 68 29438 -1
73 51 29637 1
70 53 29644 1
70 67 29944 -1
64 58 29969 1
51 72 30214 -1
71 52 30272 1
72 72 30572 -1
65 58 30599 1
67 63 30671 -1
76 51 30852 1
68 54 31041 1
75 50 31344 1
70 52 31672 1
68 71 31798 -1
75 51 32327 1
66 56 32477 1
68 77 32581 -1
69 70 32614 -1
56 72 33098 -1
73 70 33123 -1
59 69 33704 -1
61 60 33816 1
71 71 33846 -1
68 65 33900 -1
58 62 34021 1
69 53 34066 1
66 64 34239 -1
65 57 34255 1
69 65 34277 -1
70 67 34298 -1
56 65 34578 1
70 73 34582 -1
71 57 34669 -1
67 62 34775 -1
70 59 34908 -1
59 62 35023 1
69 60 35055 -1
62 60 35091 1
32 0 35180 1
71 72 35870 -1
74 67 35939 -1
71 59 36117 -1
55 66 36451 1
109 45 36667 1
71 47 36723 1
72 51 36846 1
60 62 37031 1
66 63 37064 -1
85 47 37401 1
71 52 37614 1
75 57 37714 -1
73 51 38276 1
56 72 38469 -1
109 45 38903 -1
57 63 38982 1
76 52 39291 1
71 71 39558 -1
57 71 39606 -1
73 50 39636 1
62 67 39801 -1
70 64 40346 -1
77 58 40389 1
77 54 40528 1
54 70 40828 -1
75 51 40969 1
95 11 40978 1
70 62 41262 -1
69 70 41538 -1
66 62 41690 -1
71 59 41751 -1
59 62 41825 1
65 56 42440 1
67 55 42542 1
76 53 42695 1
61 61 42899 1
70 73 43270 -1
77 49 43346 1
70 72 43409 -1
57 71 43662 -1
69 97 43673 1
19 104 44976 1
66 56 45126 1
70 51 45297 1
69 48 45657 1
56 72 45945 -1
64 65 46229 -1
64 58 46413 1
66 62 46573 -1
69 53 46749 1
65 64 46751 -1
68 54 46837 1
70 52 47171 1
71 71 47266 -1
58 62 47273 1
73 70 47340 -1
57 71 47346 -1
59 69 47422 -1
62 68 47871 -1
59 70 47886 -1
69 52 47901 1
55 71 47945 -1
103 45 48080 -1
64 57 48129 1
66 62 48198 -1
72 51 48217 1
75 57 48221 -1
61 60 48337 1
73 82 48469 -1
55 66 48537 1
58 62 48550 1
67 54 48561 1
56 64 48561 1
71 71 48628 -1
71 57 48648 -1
55 73 48848 -1
67 55 48870 1
70 52 48887 1
59 62 48940 1
69 59 49008 -1
56 65 49043 1
71 61 49044 1
74 67 49059 -1
62 116 49186 -1
61 60 49223 1
69 65 49253 -1
41 91 49267 -1
68 71 49273 -1
64 57 49357 1
70 72 49379 -1
68 53 49460 1
57 72 49472 -1
57 62 49495 1
74 50 49507 1
72 51 49523 1
59 69 49557 -1
66 62 49597 -1
60 61 49611 1
58 62 49622 1
62 59 49639 1
14 14 49664 -1
55 65 49826 1
71 71 49856 -1
54 67 49863 1
70 66 49867 1
61 60 49888 1
51 81 49942 -1
63 58 49986 1
66 56 50084 1
56 64 50089 1
66 55 50099 1
69 52 50180 1
69 53 50201 1
64 57 50319 1
65 57 50409 1
54 68 50485 1
65 56 50490 1
68 60 50531 -1
70 52 50549 1
69 68 50581 1
47 72 50638 -1
57 62 50666 1
55 66 50719 1
69 59 50810 -1
70 67 50834 1
17 71 50856 -1
67 54 50907 1
62 59 50956 1
66 62 50989 -1
71 51 51030 1
72 51 51053 1
76 52 51094 -1
61 68 51127 -1
58 62 51152 1
61 60 51161 1
71 71 51310 -1
55 65 51319 1
75 57 51336 -1
68 53 51337 1
57 61 51363 1
57 71 51363 -1
68 54 51416 1
69 52 51455 1
56 64 51534 1
67 55 51538 1
59 62 51563 1
59 69 51566 -1
64 57 51718 1
63 58 51813 1
57 62 51989 1
68 60 51995 -1
54 67 52018 1
56 63 52035 1
75 58 52074 -1
70 66 52161 1
61 59 52271 1
69 59 52364 -1
54 66 52430 1
61 60 52468 1
62 59 52592 1
70 62 52659 -1
70 73 52732 -1
69 69 52781 1
54 68 52851 1
66 62 52854 -1
70 67 52879 1
71 58 52908 1
72 51 52908 1
66 55 52927 1
67 53 53029 1
72 50 53053 1
65 56 53126 1
55 65 53130 1
67 54 53185 1
70 52 53191 1
60 69 53205 -1
69 49 53380 1
68 60 53503 -1
58 62 53555 1
60 61 53567 1
64 57 53723 1
56 64 53767 1
76 55 53814 -1
59 69 53839 -1
62 67 53979 -1
68 53 54019 1
63 58 54024 1
69 59 54034 -1
57 62 54057 1
69 68 54166 1
85 34 54171 1
71 61 54213 1
69 52 54233 1
63 57 54341 1
73 50 54346 1
76 53 54478 -1
61 60 54492 1
70 72 54494 -1
55 66 54519 1
54 67 54659 1
71 71 54819 -1
66 62 54851 -1
70 49 54917 1
68 60 55135 -1
66 63 55235 -1
74 67 55300 -1
71 70 55328 -1
71 59 55328 1
62 59 55463 1
55 72 55548 -1
56 65 55577 1
63 66 55730 -1
72 71 55742 -1
57 70 55818 -1
75 57 55822 -1
57 71 56086 -1
69 59 56108 -1
71 50 56231 1
55 65 56513 1
72 51 56844 1
71 51 56903 1
69 51 56972 1
60 61 56984 1
70 66 57018 1
121 98 57050 1
68 60 57136 -1
66 56 57281 1
75 48 57284 1
65 56 57303 1
119 56 57330 1
66 55 57575 1
54 68 57591 1
67 54 57616 1
57 70 57623 -1
54 66 57626 1
56 63 57705 1
70 67 57775 1
70 64 58169 1
75 51 58205 1
67 55 58221 1
69 69 58289 1
63 58 58351 1
66 62 58416 -1
70 63 58539 1
57 62 58614 1
56 70 58644 -1
59 69 58775 -1
69 59 59017 -1
64 57 59039 1
56 64 59334 1
57 70 59758 -1
71 58 59890 1
54 67 60116 1
72 71 60303 -1
71 71 60390 -1
69 52 60583 1
62 59 60755 1
69 61 60828 -1
68 60 60831 -1
57 73 61012 -1
70 72 61072 -1
73 51 61130 1
68 53 61261 1
66 69 61353 -1
61 60 61356 1
32 28 61465 -1
56 70 61587 -1
52 90 62003 -1
57 70 62084 -1
68 65 62171 -1
55 65 62262 1
69 68 62482 1
67 73 62631 -1
91 122 62700 -1
74 68 63163 -1
76 53 63711 -1
73 69 63948 -1
58 62 64008 1
69 59 64078 -1
56 70 64150 -1
64 56 64152 1
72 71 64419 -1
70 51 64602 1
60 61 64766 1
57 70 64972 -1
64 55 64972 1
55 64 65063 1
75 45 65110 1
66 55 65142 1
72 48 65249 1
70 66 65334 1
71 51 65769 1
73 50 65970 1
74 50 66088 1
109 68 66116 1
57 62 66203 1
54 68 66334 1
56 63 66424 1
57 71 66567 -1
70 71 66570 -1
69 69 67082 1
65 56 67140 1
54 67 67496 1
71 58 67588 1
73 69 67747 -1
59 80 68111 -1
54 80 68161 -1
54 66 68209 1
67 61 68326 -1
47 81 68442 -1
70 72 68467 -1
68 61 68541 -1
70 58 68545 -1
71 59 68589 1
55 108 68644 -1
61 70 68752 -1
56 70 68799 -1
95 11 69063 -1
69 52 69117 1
75 22 69122 -1
72 71 69360 -1
66 62 69482 -1
58 61 69699 1
60 60 69770 1
68 53 69951 1
39 85 70078 -1
50 71 70344 -1
69 75 70413 -1
70 58 70630 -1
61 59 70663 1
54 77 70800 -1
70 71 71086 -1
63 71 71090 -1
67 61 71346 -1
70 50 71608 1
65 55 71619 1
73 69 71781 -1
68 60 71838 -1
80 14 72086 1
57 70 72100 -1
63 57 72133 1
70 64 72224 1
1 116 72227 1
64 64 72310 -1
70 58 72387 -1
79 46 72509 1
75 39 72679 1
61 54 72724 1
11 34 72829 1
25 75 72943 1
74 61 73015 -1
71 48 73030 1
11 33 73074 1
86 76 73096 1
76 49 73207 1
35 26 73273 1
62 59 73501 1
55 65 73848 1
70 58 74410 -1
67 61 74484 -1
57 44 74511 1
32 28 74528 1
70 71 74920 -1
64 64 75009 -1
56 62 75468 1
77 51 75637 1
39 85 75703 1
7 28 75738 1
68 52 75741 1
84 46 75756 1
28 4 75775 1
17 22 75808 1
20 31 75811 1
76 59 75952 1
72 71 76333 -1
69 68 76678 1
95 11 76940 1
59 69 77013 -1
55 70 77084 -1
70 58 77090 -1
35 26 77187 -1
73 69 77621 -1
64 64 78236 -1
36 68 78295 -1
59 61 78384 1
59 63 78579 1
67 61 78833 -1
69 71 79368 -1
95 11 79429 -1
71 71 79443 -1
57 44 79596 -1
70 71 80256 -1
109 45 80472 1
119 12 80495 1
109 45 80690 -1
65 62 80822 -1
55 70 81279 -1
70 58 81442 -1
64 64 82078 -1
58 70 82121 -1
70 72 82383 -1
76 53 82413 -1
69 80 82496 -1
75 57 82974 -1
65 62 84104 -1
56 72 84281 -1
70 57 84767 -1
67 61 84999 -1
59 80 85012 -1
58 70 85372 -1
59 78 85737 -1
29 72 85847 -1
55 70 85895 -1
75 56 86167 -1
42 80 86198 -1
39 82 86264 -1
55 73 86268 -1
61 75 86292 -1
61 71 86297 -1
121 98 86396 -1
65 63 86467 -1
116 101 86656 -1
52 72 87080 -1
65 62 87154 -1
70 71 87188 -1
63 65 87203 -1
64 64 87214 -1
56 70 87394 -1
66 55 87414 1
71 51 87455 1
70 58 87470 -1
75 60 87566 -1
56 63 87617 1
72 50 87721 1
70 57 87723 -1
76 52 87779 -1
69 97 87878 -1
74 61 88013 -1
71 57 88028 1
70 63 88045 1
70 51 88094 1
67 73 88104 -1
69 52 88216 1
67 53 88287 1
66 54 88289 1
73 50 88314 1
70 66 88375 1
58 70 88471 -1
61 59 88505 1
54 66 88521 1
61 60 88620 1
72 71 88790 -1
71 58 88802 1
64 56 88852 1
70 63 88909 1
73 69 88910 -1
54 67 88945 1
54 68 88967 1
57 61 88985 1
65 62 88992 -1
51 74 89019 -1
55 70 89105 -1
60 60 89178 1
69 71 89229 -1
58 61 89237 1
56 70 89260 -1
73 50 89262 1
55 64 89262 1
57 70 89268 -1
74 50 89279 1
63 57 89285 1
68 53 89285 1
67 92 89287 -1
69 68 89309 1
61 59 89335 1
62 58 89412 1
57 62 89473 1
69 67 89482 1
59 61 89502 1
70 51 89512 1
69 69 89521 1
75 56 89594 -1
70 57 89685 -1
70 64 89697 1
74 61 89707 -1
71 57 89742 1
67 53 89743 1
65 64 89816 -1
56 79 89821 -1
68 52 89825 1
54 66 89884 1
64 56 89922 1
72 50 89958 1
69 52 89990 1
70 61 89992 1
70 63 90014 1
62 67 90122 -1
57 61 90159 1
61 59 90262 1
71 51 90397 1
73 50 90456 1
69 51 90486 1
65 55 90532 1
60 60 90544 1
55 64 90644 1
58 61 90645 1
56 62 90681 1
65 63 90683 -1
66 55 90780 1
63 57 90833 1
63 65 90869 -1
73 70 90882 -1
65 62 90934 -1
69 66 90962 1
69 67 90980 1
70 51 90997 1
62 58 91026 1
75 51 91060 -1
67 53 91081 1
64 56 91100 1
59 61 91149 1
54 66 91230 1
56 63 91351 1
71 58 91391 1
57 61 91419 1
68 52 91515 1
75 58 91592 -1
56 71 91610 -1
74 61 91620 -1
72 50 91660 1
70 57 91704 -1
66 54 91716 1
70 63 91723 1
61 59 91805 1
55 70 91833 -1
58 70 91850 -1
76 55 91861 -1
60 59 91891 1
69 68 91940 1
55 64 91941 1
60 60 91975 1
71 57 91976 1
73 50 92186 1
65 55 92383 1
70 60 92385 1
58 61 92443 1
74 50 92457 1
56 70 92539 -1
71 71 92631 -1
75 56 92655 -1
55 63 92660 1
56 62 92694 1
54 65 92736 1
74 67 92797 -1
75 61 92873 -1
62 58 92925 1
57 61 92930 1
64 56 93063 1
67 53 93065 1
54 66 93139 1
63 57 93139 1
61 67 93148 -1
69 67 93189 1
75 59 93191 -1
75 52 93432 -1
68 52 93457 1
69 52 93481 1
65 62 93567 -1
70 51 93626 1
69 51 93832 1
71 50 93838 1
70 61 93858 1
59 61 93875 1
55 64 93902 1
53 67 94018 1
60 60 94032 1
70 57 94052 -1
61 59 94084 1
74 61 94176 -1
67 61 94207 -1
64 64 94260 -1
64 65 94344 -1
70 62 94512 1
59 60 94514 1
72 50 94544 1
63 65 94644 -1
57 70 94795 -1
62 65 94834 -1
68 53 94982 1
71 51 94983 1
65 63 95102 -1
58 61 95222 1
75 51 95358 -1
55 70 95441 -1
73 50 95509 1
63 56 95642 1
61 58 95701 1
64 75 95817 -1
75 56 95852 -1
54 68 95936 1
67 53 95975 1
65 55 96111 1
54 67 96112 1
64 56 96122 1
62 58 96145 1
5 15 96236 -1
66 54 96281 1
60 61 96316 1
70 63 96388 1
57 61 96393 1
60 71 96437 -1
62 65 96532 -1
70 64 96539 1
68 52 96721 1
56 62 96753 1
54 65 96784 1
58 70 96907 -1
69 67 96909 1
75 52 97015 -1
71 57 97176 1
74 50 97189 1
74 61 97311 -1
61 67 97343 -1
54 66 97363 1
55 78 97366 -1
70 71 97562 -1
70 57 97728 -1
70 66 97743 1
56 71 97982 -1
62 65 98001 -1
65 62 98041 -1
56 70 98063 -1
55 64 98179 1
71 58 98196 1
70 51 98256 1
12 40 98331 -1
60 60 98862 1
66 53 98910 1
69 71 98939 -1
63 65 99115 -1
53 66 99186 1
70 60 99573 1
62 65 99676 -1
69 66 99868 1
75 56 99928 -1
