[-1] [67, 65, 0]
     [67, 65, 0]
[1] [74, 64, 0]
     [74, 64, 0]
[-1] [56, 65, 0]
     [56, 65, 0]
[1] [75, 52, 0]
     [75, 52, 0]
[-1] [57, 72, 0]
     [57, 72, 0]
[-1] [69, 66, 0]
     [69, 66, 0]
     [67, 65, 0]
[-1] [54, 68, 0]
     [54, 68, 0]
[-1] [33, 10, 0]
     [33, 10, 0]
[-1] [53, 66, 1]
     [53, 66, 1]
     [54, 68, 0]
[-1] [53, 71, 1]
     [53, 71, 1]
[-1] [54, 71, 1]
     [54, 71, 1]
     [53, 71, 1]
[-1] [55, 72, 1]
     [55, 72, 1]
     [53, 71, 1]
     [54, 71, 1]
     [57, 72, 0]
[-1] [54, 73, 2]
     [54, 73, 2]
     [53, 71, 1]
     [54, 71, 1]
     [55, 72, 1]
[-1] [71, 58, 2]
     [71, 58, 2]
[1] [75, 58, 2]
     [75, 58, 2]
[1] [76, 54, 2]
     [76, 54, 2]
     [75, 52, 0]
[-1] [69, 65, 2]
     [69, 65, 2]
     [67, 65, 0]
     [69, 66, 0]
[1] [76, 49, 3]
     [76, 49, 3]
[-1] [69, 69, 3]
     [69, 69, 3]
[-1] [70, 63, 3]
     [70, 63, 3]
     [69, 65, 2]
[-1] [71, 72, 3]
     [71, 72, 3]
[1] [69, 53, 3]
     [69, 53, 3]
[-1] [52, 73, 3]
     [52, 73, 3]
     [53, 71, 1]
     [54, 73, 2]
[-1] [67, 77, 4]
     [67, 77, 4]
[-1] [54, 71, 4]
     [54, 71, 4]
     [52, 73, 3]
     [54, 71, 1]
     [54, 73, 2]
[-1] [71, 58, 4]
     [71, 58, 4]
     [71, 58, 2]
[-1] [70, 66, 4]
     [70, 66, 4]
     [69, 65, 2]
[1] [75, 62, 4]
     [75, 62, 4]
[1] [81, 56, 5]
     [81, 56, 5]
[-1] [55, 72, 5]
     [55, 72, 5]
     [54, 71, 4]
[1] [75, 51, 5]
     [75, 51, 5]
     [76, 49, 3]
[1] [75, 60, 5]
     [75, 60, 5]
     [75, 62, 4]
[-1] [69, 64, 6]
     [69, 64, 6]
     [70, 66, 4]
[-1] [70, 66, 6]
     [70, 66, 6]
     [69, 64, 6]
     [70, 66, 4]
[-1] [54, 67, 6]
     [54, 67, 6]
[-1] [55, 71, 7]
     [55, 71, 7]
     [55, 72, 5]
[1] [70, 53, 7]
     [70, 53, 7]
[-1] [63, 76, 7]
     [63, 76, 7]
[-1] [68, 72, 7]
     [68, 72, 7]
[-1] [54, 71, 7]
     [54, 71, 7]
     [54, 71, 4]
     [55, 71, 7]
     [55, 72, 5]
[-1] [71, 58, 7]
     [71, 58, 7]
     [71, 58, 4]
[-1] [68, 69, 8]
     [68, 69, 8]
[-1] [69, 65, 8]
     [69, 65, 8]
     [69, 64, 6]
     [70, 66, 6]
[-1] [55, 72, 8]
     [55, 72, 8]
     [54, 71, 7]
     [55, 71, 7]
     [55, 72, 5]
[1] [76, 55, 9]
     [76, 55, 9]
[1] [73, 51, 9]
     [73, 51, 9]
[1] [75, 57, 9]
     [75, 57, 9]
     [76, 55, 9]
[-1] [68, 66, 9]
     [68, 66, 9]
     [69, 65, 8]
[-1] [41, 79, 9]
     [41, 79, 9]
[-1] [53, 71, 9]
     [53, 71, 9]
     [54, 71, 7]
     [55, 71, 7]
     [55, 72, 8]
[-1] [57, 74, 9]
     [57, 74, 9]
     [55, 72, 8]
[-1] [70, 66, 9]
     [70, 66, 9]
     [68, 66, 9]
     [69, 65, 8]
     [70, 66, 6]
[-1] [29, 114, 9]
     [29, 114, 9]
[-1] [69, 69, 9]
     [69, 69, 9]
     [68, 69, 8]
[-1] [19, 104, 9]
     [19, 104, 9]
[-1] [56, 90, 9]
     [56, 90, 9]
[-1] [101, 94, 10]
     [101, 94, 10]
[-1] [66, 77, 10]
     [66, 77, 10]
[-1] [52, 76, 10]
     [52, 76, 10]
[1] [73, 113, 10]
     [73, 113, 10]
[1] [71, 52, 10]
     [71, 52, 10]
     [73, 51, 9]
[1] [58, 64, 11]
     [58, 64, 11]
[-1] [71, 72, 11]
     [71, 72, 11]
[-1] [27, 28, 11]
     [27, 28, 11]
[-1] [70, 61, 12]
     [70, 61, 12]
[-1] [60, 90, 12]
     [60, 90, 12]
[-1] [70, 66, 12]
     [70, 66, 12]
     [70, 66, 9]
[-1] [55, 73, 12]
     [55, 73, 12]
[-1] [1, 105, 12]
     [1, 105, 12]
[-1] [69, 65, 12]
     [69, 65, 12]
     [70, 66, 12]
[-1] [55, 72, 13]
     [55, 72, 13]
     [55, 73, 12]
[-1] [49, 82, 13]
     [49, 82, 13]
[-1] [51, 73, 13]
     [51, 73, 13]
[-1] [71, 58, 13]
     [71, 58, 13]
[-1] [54, 71, 13]
     [54, 71, 13]
     [55, 72, 13]
     [55, 73, 12]
[-1] [21, 26, 13]
     [21, 26, 13]
[-1] [60, 75, 14]
     [60, 75, 14]
[-1] [39, 80, 14]
     [39, 80, 14]
[1] [76, 53, 14]
     [76, 53, 14]
[-1] [69, 97, 15]
     [69, 97, 15]
[-1] [68, 76, 15]
     [68, 76, 15]
[-1] [55, 77, 15]
     [55, 77, 15]
[-1] [70, 66, 15]
     [70, 66, 15]
     [70, 66, 12]
[-1] [51, 69, 15]
     [51, 69, 15]
[-1] [69, 63, 15]
     [69, 63, 15]
[-1] [26, 4, 15]
     [26, 4, 15]
[-1] [61, 77, 15]
     [61, 77, 15]
     [60, 75, 14]
[-1] [69, 69, 16]
     [69, 69, 16]
[-1] [68, 71, 16]
     [68, 71, 16]
     [69, 69, 16]
[-1] [59, 77, 16]
     [59, 77, 16]
     [60, 75, 14]
     [61, 77, 15]
[-1] [49, 81, 16]
     [49, 81, 16]
[-1] [54, 70, 16]
     [54, 70, 16]
[-1] [73, 113, 17]
     [73, 113, 17]
[1] [75, 65, 17]
     [75, 65, 17]
[-1] [55, 72, 18]
     [55, 72, 18]
     [54, 70, 16]
[-1] [53, 68, 18]
     [53, 68, 18]
     [54, 70, 16]
[-1] [68, 68, 18]
     [68, 68, 18]
     [69, 69, 16]
[-1] [53, 71, 18]
     [53, 71, 18]
     [53, 68, 18]
     [54, 70, 16]
     [55, 72, 18]
[-1] [53, 75, 19]
     [53, 75, 19]
[1] [79, 55, 20]
     [79, 55, 20]
[1] [75, 52, 20]
     [75, 52, 20]
[-1] [69, 65, 20]
     [69, 65, 20]
[-1] [54, 70, 20]
     [54, 70, 20]
     [53, 68, 18]
     [53, 71, 18]
     [55, 72, 18]
[1] [76, 54, 20]
     [76, 54, 20]
     [75, 52, 20]
[-1] [109, 68, 20]
     [109, 68, 20]
[-1] [70, 66, 20]
     [70, 66, 20]
     [69, 65, 20]
[-1] [71, 61, 20]
     [71, 61, 20]
[1] [56, 90, 21]
     [56, 90, 21]
[-1] [70, 64, 21]
     [70, 64, 21]
     [69, 65, 20]
     [70, 66, 20]
[-1] [56, 65, 22]
     [56, 65, 22]
[-1] [69, 65, 23]
     [69, 65, 23]
     [69, 65, 20]
     [70, 64, 21]
[1] [57, 63, 23]
     [57, 63, 23]
     [56, 65, 22]
[-1] [89, 2, 23]
     [89, 2, 23]
[-1] [54, 71, 23]
     [54, 71, 23]
[-1] [54, 70, 24]
     [54, 70, 24]
     [54, 71, 23]
[-1] [56, 72, 24]
     [56, 72, 24]
     [54, 70, 24]
     [54, 71, 23]
[1] [109, 45, 25]
     [109, 45, 25]
[-1] [117, 5, 25]
     [117, 5, 25]
[-1] [55, 71, 25]
     [55, 71, 25]
     [54, 70, 24]
     [54, 71, 23]
     [56, 72, 24]
[-1] [57, 84, 25]
     [57, 84, 25]
[-1] [66, 73, 25]
     [66, 73, 25]
[1] [74, 51, 25]
     [74, 51, 25]
[-1] [69, 69, 26]
     [69, 69, 26]
[-1] [55, 72, 26]
     [55, 72, 26]
     [54, 70, 24]
     [55, 71, 25]
     [56, 72, 24]
[-1] [109, 45, 26]
     [109, 45, 26]
     [109, 45, 25]
[-1] [69, 65, 26]
     [69, 65, 26]
     [69, 65, 23]
[1] [65, 57, 26]
     [65, 57, 26]
[-1] [70, 59, 26]
     [70, 59, 26]
[-1] [71, 72, 26]
     [71, 72, 26]
[-1] [59, 70, 26]
     [59, 70, 26]
[-1] [66, 65, 27]
     [66, 65, 27]
[1] [61, 61, 27]
     [61, 61, 27]
[-1] [56, 90, 27]
     [56, 90, 27]
[1] [72, 52, 27]
     [72, 52, 27]
     [74, 51, 25]
[-1] [68, 71, 27]
     [68, 71, 27]
     [69, 69, 26]
[-1] [69, 60, 27]
     [69, 60, 27]
     [70, 59, 26]
[-1] [51, 70, 27]
     [51, 70, 27]
[-1] [54, 68, 27]
     [54, 68, 27]
[1] [73, 51, 27]
     [73, 51, 27]
     [72, 52, 27]
     [74, 51, 25]
[-1] [71, 61, 27]
     [71, 61, 27]
     [69, 60, 27]
     [70, 59, 26]
[1] [64, 58, 27]
     [64, 58, 27]
     [65, 57, 26]
[-1] [70, 64, 27]
     [70, 64, 27]
     [69, 65, 26]
[1] [68, 54, 28]
     [68, 54, 28]
[1] [67, 55, 28]
     [67, 55, 28]
     [68, 54, 28]
[1] [62, 60, 28]
     [62, 60, 28]
     [61, 61, 27]
     [64, 58, 27]
[-1] [64, 65, 28]
     [64, 65, 28]
     [66, 65, 27]
[-1] [61, 68, 28]
     [61, 68, 28]
[-1] [50, 67, 28]
     [50, 67, 28]
[1] [59, 63, 28]
     [59, 63, 28]
     [61, 61, 27]
[-1] [69, 68, 28]
     [69, 68, 28]
     [69, 69, 26]
[-1] [54, 70, 28]
     [54, 70, 28]
     [54, 68, 27]
     [55, 72, 26]
[1] [70, 53, 28]
     [70, 53, 28]
     [68, 54, 28]
     [72, 52, 27]
[1] [65, 57, 28]
     [65, 57, 28]
     [64, 58, 27]
     [65, 57, 26]
     [67, 55, 28]
[-1] [71, 58, 28]
     [71, 58, 28]
     [69, 60, 27]
     [70, 59, 26]
[1] [71, 52, 28]
     [71, 52, 28]
     [70, 53, 28]
     [72, 52, 27]
     [73, 51, 27]
[-1] [71, 57, 28]
     [71, 57, 28]
     [70, 59, 26]
     [71, 58, 28]
[-1] [70, 67, 28]
     [70, 67, 28]
     [69, 65, 26]
     [69, 68, 28]
     [69, 69, 26]
[1] [69, 53, 29]
     [69, 53, 29]
     [67, 55, 28]
     [68, 54, 28]
     [70, 53, 28]
     [71, 52, 28]
[-1] [69, 65, 29]
     [69, 65, 29]
     [69, 65, 26]
     [70, 64, 27]
     [70, 67, 28]
[-1] [60, 69, 29]
     [60, 69, 29]
     [61, 68, 28]
[-1] [70, 73, 29]
     [70, 73, 29]
[-1] [68, 70, 29]
     [68, 70, 29]
     [68, 71, 27]
     [69, 68, 28]
[-1] [59, 70, 29]
     [59, 70, 29]
     [59, 70, 26]
     [60, 69, 29]
     [61, 68, 28]
[1] [75, 51, 29]
     [75, 51, 29]
     [73, 51, 27]
[-1] [71, 71, 29]
     [71, 71, 29]
     [70, 73, 29]
[1] [76, 52, 29]
     [76, 52, 29]
     [75, 51, 29]
[1] [74, 51, 29]
     [74, 51, 29]
     [72, 52, 27]
     [73, 51, 27]
     [75, 51, 29]
     [76, 52, 29]
[-1] [65, 64, 29]
     [65, 64, 29]
     [64, 65, 28]
     [66, 65, 27]
[-1] [69, 70, 30]
     [69, 70, 30]
     [68, 70, 29]
     [69, 68, 28]
     [71, 71, 29]
[1] [73, 51, 30]
     [73, 51, 30]
     [71, 52, 28]
     [73, 51, 27]
     [74, 51, 29]
     [75, 51, 29]
[-1] [45, 91, 30]
     [45, 91, 30]
[-1] [68, 72, 30]
     [68, 72, 30]
     [68, 70, 29]
     [69, 70, 30]
     [70, 73, 29]
[1] [68, 54, 30]
     [68, 54, 30]
     [67, 55, 28]
     [68, 54, 28]
     [69, 53, 29]
     [70, 53, 28]
[-1] [68, 61, 30]
     [68, 61, 30]
[1] [63, 59, 30]
     [63, 59, 30]
     [62, 60, 28]
[-1] [7, 28, 30]
     [7, 28, 30]
[1] [67, 55, 30]
     [67, 55, 30]
     [67, 55, 28]
     [68, 54, 30]
     [69, 53, 29]
[1] [70, 52, 30]
     [70, 52, 30]
     [68, 54, 30]
     [69, 53, 29]
     [70, 53, 28]
     [71, 52, 28]
[1] [61, 61, 30]
     [61, 61, 30]
     [61, 61, 27]
     [62, 60, 28]
     [63, 59, 30]
[1] [71, 52, 31]
     [71, 52, 31]
     [69, 53, 29]
     [70, 52, 30]
     [71, 52, 28]
     [73, 51, 30]
[1] [59, 62, 31]
     [59, 62, 31]
     [61, 61, 30]
[1] [57, 63, 31]
     [57, 63, 31]
     [59, 62, 31]
[1] [65, 57, 31]
     [65, 57, 31]
     [63, 59, 30]
     [65, 57, 28]
     [67, 55, 30]
[-1] [55, 71, 31]
     [55, 71, 31]
[-1] [56, 72, 31]
     [56, 72, 31]
     [55, 71, 31]
[1] [56, 90, 31]
     [56, 90, 31]
[1] [58, 63, 31]
     [58, 63, 31]
     [57, 63, 31]
     [59, 62, 31]
[1] [60, 62, 31]
     [60, 62, 31]
     [58, 63, 31]
     [59, 62, 31]
     [61, 61, 30]
[1] [64, 58, 32]
     [64, 58, 32]
     [63, 59, 30]
     [65, 57, 31]
[1] [66, 56, 32]
     [66, 56, 32]
     [64, 58, 32]
     [65, 57, 31]
     [67, 55, 30]
[-1] [71, 57, 32]
     [71, 57, 32]
[1] [71, 51, 32]
     [71, 51, 32]
     [70, 52, 30]
     [71, 52, 31]
     [73, 51, 30]
[1] [56, 65, 32]
     [56, 65, 32]
     [57, 63, 31]
     [58, 63, 31]
[-1] [53, 71, 32]
     [53, 71, 32]
     [55, 71, 31]
[-1] [53, 69, 32]
     [53, 69, 32]
     [53, 71, 32]
     [55, 71, 31]
[-1] [62, 67, 32]
     [62, 67, 32]
[1] [76, 53, 32]
     [76, 53, 32]
[1] [73, 51, 32]
     [73, 51, 32]
     [71, 51, 32]
     [71, 52, 31]
     [73, 51, 30]
[-1] [66, 63, 32]
     [66, 63, 32]
[1] [72, 51, 33]
     [72, 51, 33]
     [71, 51, 32]
     [71, 52, 31]
     [73, 51, 32]
[1] [68, 54, 33]
     [68, 54, 33]
     [66, 56, 32]
     [68, 54, 30]
[1] [75, 51, 33]
     [75, 51, 33]
     [72, 51, 33]
     [73, 51, 32]
     [76, 53, 32]
[-1] [70, 67, 33]
     [70, 67, 33]
[-1] [71, 71, 33]
     [71, 71, 33]
[1] [69, 53, 33]
     [69, 53, 33]
     [68, 54, 33]
     [71, 51, 32]
     [71, 52, 31]
[1] [55, 66, 33]
     [55, 66, 33]
     [56, 65, 32]
[1] [71, 52, 33]
     [71, 52, 33]
     [69, 53, 33]
     [71, 51, 32]
     [71, 52, 31]
     [72, 51, 33]
     [73, 51, 32]
[1] [74, 51, 33]
     [74, 51, 33]
     [72, 51, 33]
     [73, 51, 32]
     [75, 51, 33]
     [76, 53, 32]
[1] [77, 52, 34]
     [77, 52, 34]
     [75, 51, 33]
     [76, 53, 32]
[1] [62, 60, 34]
     [62, 60, 34]
[-1] [70, 64, 34]
     [70, 64, 34]
[1] [58, 62, 34]
     [58, 62, 34]
[-1] [64, 78, 34]
     [64, 78, 34]
[1] [66, 53, 34]
     [66, 53, 34]
     [68, 54, 33]
[-1] [70, 66, 34]
     [70, 66, 34]
     [70, 64, 34]
     [70, 67, 33]
[-1] [63, 66, 34]
     [63, 66, 34]
     [62, 67, 32]
[1] [65, 57, 34]
     [65, 57, 34]
     [64, 58, 32]
     [65, 57, 31]
     [66, 56, 32]
[-1] [69, 70, 35]
     [69, 70, 35]
     [71, 71, 33]
[1] [59, 62, 35]
     [59, 62, 35]
     [58, 62, 34]
[-1] [54, 70, 35]
     [54, 70, 35]
[-1] [59, 70, 35]
     [59, 70, 35]
[-1] [64, 65, 35]
     [64, 65, 35]
     [63, 66, 34]
[1] [75, 61, 35]
     [75, 61, 35]
[1] [67, 55, 35]
     [67, 55, 35]
     [65, 57, 34]
     [66, 53, 34]
     [68, 54, 33]
[1] [61, 61, 36]
     [61, 61, 36]
     [59, 62, 35]
     [62, 60, 34]
[1] [60, 62, 36]
     [60, 62, 36]
     [58, 62, 34]
     [59, 62, 35]
     [61, 61, 36]
[-1] [71, 57, 36]
     [71, 57, 36]
[1] [57, 63, 36]
     [57, 63, 36]
     [58, 62, 34]
     [59, 62, 35]
[-1] [70, 73, 36]
     [70, 73, 36]
[-1] [56, 72, 36]
     [56, 72, 36]
     [54, 70, 35]
[1] [63, 59, 37]
     [63, 59, 37]
     [61, 61, 36]
[-1] [60, 69, 37]
     [60, 69, 37]
     [59, 70, 35]
[-1] [69, 65, 37]
     [69, 65, 37]
[-1] [62, 67, 37]
     [62, 67, 37]
     [60, 69, 37]
[-1] [61, 68, 37]
     [61, 68, 37]
     [60, 69, 37]
     [62, 67, 37]
[1] [73, 51, 37]
     [73, 51, 37]
[1] [70, 53, 37]
     [70, 53, 37]
[-1] [70, 67, 38]
     [70, 67, 38]
     [69, 65, 37]
[1] [64, 58, 38]
     [64, 58, 38]
     [63, 59, 37]
[-1] [51, 72, 38]
     [51, 72, 38]
[1] [71, 52, 38]
     [71, 52, 38]
     [70, 53, 37]
     [73, 51, 37]
[-1] [72, 72, 39]
     [72, 72, 39]
[1] [65, 58, 39]
     [65, 58, 39]
     [63, 59, 37]
     [64, 58, 38]
[-1] [67, 63, 39]
     [67, 63, 39]
[1] [76, 51, 39]
     [76, 51, 39]
[1] [68, 54, 39]
     [68, 54, 39]
     [70, 53, 37]
[1] [75, 50, 40]
     [75, 50, 40]
     [76, 51, 39]
[1] [70, 52, 40]
     [70, 52, 40]
     [68, 54, 39]
     [71, 52, 38]
[-1] [68, 71, 40]
     [68, 71, 40]
[1] [75, 51, 41]
     [75, 51, 41]
     [75, 50, 40]
     [76, 51, 39]
[1] [66, 56, 41]
     [66, 56, 41]
     [65, 58, 39]
[-1] [68, 77, 41]
     [68, 77, 41]
[-1] [69, 70, 41]
     [69, 70, 41]
     [68, 71, 40]
[-1] [56, 72, 42]
     [56, 72, 42]
[-1] [73, 70, 42]
     [73, 70, 42]
[-1] [59, 69, 43]
     [59, 69, 43]
[1] [61, 60, 43]
     [61, 60, 43]
[-1] [71, 71, 43]
     [71, 71, 43]
     [69, 70, 41]
     [73, 70, 42]
[-1] [68, 65, 43]
     [68, 65, 43]
[1] [58, 62, 43]
     [58, 62, 43]
[1] [69, 53, 43]
     [69, 53, 43]
[-1] [66, 64, 43]
     [66, 64, 43]
     [68, 65, 43]
[1] [65, 57, 43]
     [65, 57, 43]
     [66, 56, 41]
[-1] [69, 65, 43]
     [69, 65, 43]
     [68, 65, 43]
[-1] [70, 67, 43]
     [70, 67, 43]
     [68, 65, 43]
     [69, 65, 43]
[1] [56, 65, 44]
     [56, 65, 44]
[-1] [70, 73, 44]
     [70, 73, 44]
     [71, 71, 43]
[-1] [71, 57, 44]
     [71, 57, 44]
[-1] [67, 62, 44]
     [67, 62, 44]
     [66, 64, 43]
[-1] [70, 59, 44]
     [70, 59, 44]
     [71, 57, 44]
[1] [59, 62, 44]
     [59, 62, 44]
     [58, 62, 43]
     [61, 60, 43]
[-1] [69, 60, 44]
     [69, 60, 44]
     [67, 62, 44]
     [70, 59, 44]
[1] [62, 60, 44]
     [62, 60, 44]
     [61, 60, 43]
[1] [32, 0, 45]
     [32, 0, 45]
[-1] [71, 72, 45]
     [71, 72, 45]
     [70, 73, 44]
     [71, 71, 43]
[-1] [74, 67, 46]
     [74, 67, 46]
[-1] [71, 59, 46]
     [71, 59, 46]
     [69, 60, 44]
     [70, 59, 44]
     [71, 57, 44]
[1] [55, 66, 46]
     [55, 66, 46]
     [56, 65, 44]
[1] [109, 45, 46]
     [109, 45, 46]
[1] [71, 47, 47]
     [71, 47, 47]
[1] [72, 51, 47]
     [72, 51, 47]
[1] [60, 62, 47]
     [60, 62, 47]
[-1] [66, 63, 47]
     [66, 63, 47]
[1] [85, 47, 47]
     [85, 47, 47]
[1] [71, 52, 48]
     [71, 52, 48]
     [72, 51, 47]
[-1] [75, 57, 48]
     [75, 57, 48]
[1] [73, 51, 48]
     [73, 51, 48]
     [71, 52, 48]
     [72, 51, 47]
[-1] [56, 72, 49]
     [56, 72, 49]
[-1] [109, 45, 49]
     [109, 45, 49]
     [109, 45, 46]
[1] [57, 63, 49]
     [57, 63, 49]
[1] [76, 52, 50]
     [76, 52, 50]
[-1] [71, 71, 50]
     [71, 71, 50]
[-1] [57, 71, 50]
     [57, 71, 50]
     [56, 72, 49]
[1] [73, 50, 50]
     [73, 50, 50]
     [73, 51, 48]
[-1] [62, 67, 50]
     [62, 67, 50]
[-1] [70, 64, 51]
     [70, 64, 51]
[1] [77, 58, 51]
     [77, 58, 51]
[1] [77, 54, 51]
     [77, 54, 51]
     [76, 52, 50]
[-1] [54, 70, 52]
     [54, 70, 52]
[1] [75, 51, 52]
     [75, 51, 52]
     [73, 50, 50]
     [76, 52, 50]
[1] [95, 11, 52]
     [95, 11, 52]
[-1] [70, 62, 52]
     [70, 62, 52]
     [70, 64, 51]
[-1] [69, 70, 53]
     [69, 70, 53]
[-1] [66, 62, 53]
     [66, 62, 53]
[-1] [71, 59, 53]
     [71, 59, 53]
[1] [59, 62, 53]
     [59, 62, 53]
[1] [65, 56, 54]
     [65, 56, 54]
[1] [67, 55, 54]
     [67, 55, 54]
     [65, 56, 54]
[1] [76, 53, 54]
     [76, 53, 54]
     [75, 51, 52]
[1] [61, 61, 54]
     [61, 61, 54]
     [59, 62, 53]
[-1] [70, 73, 55]
     [70, 73, 55]
[1] [77, 49, 55]
     [77, 49, 55]
[-1] [70, 72, 55]
     [70, 72, 55]
     [69, 70, 53]
     [70, 73, 55]
[-1] [57, 71, 55]
     [57, 71, 55]
[1] [69, 97, 55]
     [69, 97, 55]
[1] [19, 104, 57]
     [19, 104, 57]
[1] [66, 56, 57]
     [66, 56, 57]
[1] [70, 51, 57]
     [70, 51, 57]
[1] [69, 48, 58]
     [69, 48, 58]
[-1] [56, 72, 58]
     [56, 72, 58]
[-1] [64, 65, 59]
     [64, 65, 59]
[1] [64, 58, 59]
     [64, 58, 59]
[-1] [66, 62, 59]
     [66, 62, 59]
[1] [69, 53, 59]
     [69, 53, 59]
     [70, 51, 57]
[-1] [65, 64, 59]
     [65, 64, 59]
     [64, 65, 59]
     [66, 62, 59]
[1] [68, 54, 59]
     [68, 54, 59]
     [69, 53, 59]
[1] [70, 52, 60]
     [70, 52, 60]
     [68, 54, 59]
     [69, 53, 59]
[-1] [71, 71, 60]
     [71, 71, 60]
[1] [58, 62, 60]
     [58, 62, 60]
[-1] [73, 70, 60]
     [73, 70, 60]
     [71, 71, 60]
[-1] [57, 71, 60]
     [57, 71, 60]
     [56, 72, 58]
[-1] [59, 69, 60]
     [59, 69, 60]
     [57, 71, 60]
[-1] [62, 68, 61]
     [62, 68, 61]
[-1] [59, 70, 61]
     [59, 70, 61]
     [57, 71, 60]
     [59, 69, 60]
[1] [69, 52, 61]
     [69, 52, 61]
     [68, 54, 59]
     [69, 53, 59]
     [70, 52, 60]
[-1] [55, 71, 61]
     [55, 71, 61]
     [57, 71, 60]
[-1] [103, 45, 61]
     [103, 45, 61]
[1] [64, 57, 61]
     [64, 57, 61]
     [64, 58, 59]
[-1] [66, 62, 61]
     [66, 62, 61]
     [65, 64, 59]
     [66, 62, 59]
[1] [72, 51, 61]
     [72, 51, 61]
     [70, 52, 60]
[-1] [75, 57, 61]
     [75, 57, 61]
[1] [61, 60, 61]
     [61, 60, 61]
[-1] [73, 82, 62]
     [73, 82, 62]
[1] [55, 66, 62]
     [55, 66, 62]
[1] [58, 62, 62]
     [58, 62, 62]
     [58, 62, 60]
[1] [67, 54, 62]
     [67, 54, 62]
     [69, 52, 61]
[1] [56, 64, 62]
     [56, 64, 62]
     [55, 66, 62]
     [58, 62, 62]
[-1] [71, 71, 62]
     [71, 71, 62]
     [71, 71, 60]
     [73, 70, 60]
[-1] [71, 57, 62]
     [71, 57, 62]
[-1] [55, 73, 62]
     [55, 73, 62]
     [55, 71, 61]
[1] [67, 55, 62]
     [67, 55, 62]
     [67, 54, 62]
[1] [70, 52, 62]
     [70, 52, 62]
     [69, 52, 61]
     [70, 52, 60]
     [72, 51, 61]
[1] [59, 62, 62]
     [59, 62, 62]
     [58, 62, 62]
     [61, 60, 61]
[-1] [69, 59, 62]
     [69, 59, 62]
     [71, 57, 62]
[1] [56, 65, 62]
     [56, 65, 62]
     [55, 66, 62]
     [56, 64, 62]
[1] [71, 61, 62]
     [71, 61, 62]
     [69, 59, 62]
[-1] [74, 67, 62]
     [74, 67, 62]
[-1] [62, 116, 62]
     [62, 116, 62]
[1] [61, 60, 63]
     [61, 60, 63]
     [59, 62, 62]
     [61, 60, 61]
[-1] [69, 65, 63]
     [69, 65, 63]
[-1] [41, 91, 63]
     [41, 91, 63]
[-1] [68, 71, 63]
     [68, 71, 63]
[1] [64, 57, 63]
     [64, 57, 63]
     [64, 57, 61]
[-1] [70, 72, 63]
     [70, 72, 63]
     [68, 71, 63]
     [71, 71, 62]
[1] [68, 53, 63]
     [68, 53, 63]
     [67, 54, 62]
     [67, 55, 62]
     [69, 52, 61]
     [70, 52, 62]
[-1] [57, 72, 63]
     [57, 72, 63]
     [55, 71, 61]
     [55, 73, 62]
[1] [57, 62, 63]
     [57, 62, 63]
     [56, 64, 62]
     [58, 62, 62]
     [59, 62, 62]
[1] [74, 50, 63]
     [74, 50, 63]
     [72, 51, 61]
[1] [72, 51, 63]
     [72, 51, 63]
     [70, 52, 62]
     [72, 51, 61]
     [74, 50, 63]
[-1] [59, 69, 63]
     [59, 69, 63]
     [59, 69, 60]
     [59, 70, 61]
[-1] [66, 62, 63]
     [66, 62, 63]
     [66, 62, 61]
[1] [60, 61, 63]
     [60, 61, 63]
     [58, 62, 62]
     [59, 62, 62]
     [61, 60, 63]
[1] [58, 62, 63]
     [58, 62, 63]
     [56, 64, 62]
     [57, 62, 63]
     [58, 62, 62]
     [59, 62, 62]
     [60, 61, 63]
[1] [62, 59, 63]
     [62, 59, 63]
     [60, 61, 63]
     [61, 60, 63]
     [64, 57, 63]
[-1] [14, 14, 63]
     [14, 14, 63]
[1] [55, 65, 63]
     [55, 65, 63]
     [55, 66, 62]
     [56, 64, 62]
     [56, 65, 62]
[-1] [71, 71, 63]
     [71, 71, 63]
     [68, 71, 63]
     [70, 72, 63]
     [71, 71, 62]
[1] [54, 67, 63]
     [54, 67, 63]
     [55, 65, 63]
     [55, 66, 62]
     [56, 65, 62]
[1] [70, 66, 63]
     [70, 66, 63]
     [69, 65, 63]
[-1] [51, 81, 63]
     [51, 81, 63]
[1] [63, 58, 63]
     [63, 58, 63]
     [61, 60, 63]
     [62, 59, 63]
     [64, 57, 63]
[1] [66, 56, 64]
     [66, 56, 64]
     [64, 57, 63]
     [67, 54, 62]
     [67, 55, 62]
[1] [56, 64, 64]
     [56, 64, 64]
     [55, 65, 63]
     [55, 66, 62]
     [56, 64, 62]
     [56, 65, 62]
     [57, 62, 63]
     [58, 62, 63]
[1] [66, 55, 64]
     [66, 55, 64]
     [64, 57, 63]
     [66, 56, 64]
     [67, 54, 62]
     [67, 55, 62]
     [68, 53, 63]
[1] [69, 52, 64]
     [69, 52, 64]
     [68, 53, 63]
     [69, 52, 61]
     [70, 52, 62]
[1] [69, 53, 64]
     [69, 53, 64]
     [67, 54, 62]
     [68, 53, 63]
     [69, 52, 64]
     [70, 52, 62]
[1] [64, 57, 64]
     [64, 57, 64]
     [62, 59, 63]
     [63, 58, 63]
     [64, 57, 63]
     [66, 55, 64]
     [66, 56, 64]
[1] [65, 57, 64]
     [65, 57, 64]
     [63, 58, 63]
     [64, 57, 64]
     [66, 55, 64]
     [66, 56, 64]
[1] [54, 68, 64]
     [54, 68, 64]
     [54, 67, 63]
     [55, 66, 62]
[1] [65, 56, 64]
     [65, 56, 64]
     [63, 58, 63]
     [64, 57, 64]
     [65, 57, 64]
     [66, 55, 64]
     [66, 56, 64]
     [67, 55, 62]
[-1] [68, 60, 64]
     [68, 60, 64]
     [66, 62, 63]
     [69, 59, 62]
[1] [70, 52, 64]
     [70, 52, 64]
     [68, 53, 63]
     [69, 52, 64]
     [69, 53, 64]
     [70, 52, 62]
     [72, 51, 63]
[1] [69, 68, 64]
     [69, 68, 64]
     [70, 66, 63]
[-1] [47, 72, 64]
     [47, 72, 64]
[1] [57, 62, 64]
     [57, 62, 64]
     [56, 64, 64]
     [57, 62, 63]
     [58, 62, 63]
     [59, 62, 62]
[1] [55, 66, 64]
     [55, 66, 64]
     [54, 67, 63]
     [54, 68, 64]
     [55, 65, 63]
     [55, 66, 62]
     [56, 64, 64]
     [56, 65, 62]
[-1] [69, 59, 65]
     [69, 59, 65]
     [68, 60, 64]
     [69, 59, 62]
[1] [70, 67, 65]
     [70, 67, 65]
     [69, 65, 63]
     [69, 68, 64]
     [70, 66, 63]
[-1] [17, 71, 65]
     [17, 71, 65]
[1] [67, 54, 65]
     [67, 54, 65]
     [65, 56, 64]
     [66, 55, 64]
     [66, 56, 64]
     [67, 54, 62]
     [68, 53, 63]
     [69, 52, 64]
     [69, 53, 64]
[1] [62, 59, 65]
     [62, 59, 65]
     [61, 60, 63]
     [62, 59, 63]
     [63, 58, 63]
     [64, 57, 64]
[-1] [66, 62, 65]
     [66, 62, 65]
     [66, 62, 63]
     [68, 60, 64]
[1] [71, 51, 65]
     [71, 51, 65]
     [69, 52, 64]
     [69, 53, 64]
     [70, 52, 64]
     [72, 51, 63]
[1] [72, 51, 65]
     [72, 51, 65]
     [70, 52, 64]
     [71, 51, 65]
     [72, 51, 63]
     [74, 50, 63]
[-1] [76, 52, 65]
     [76, 52, 65]
[-1] [61, 68, 65]
     [61, 68, 65]
     [59, 69, 63]
[1] [58, 62, 65]
     [58, 62, 65]
     [56, 64, 64]
     [57, 62, 64]
     [58, 62, 63]
     [60, 61, 63]
[1] [61, 60, 65]
     [61, 60, 65]
     [60, 61, 63]
     [61, 60, 63]
     [62, 59, 65]
[-1] [71, 71, 65]
     [71, 71, 65]
     [70, 72, 63]
     [71, 71, 63]
[1] [55, 65, 65]
     [55, 65, 65]
     [54, 67, 63]
     [55, 65, 63]
     [55, 66, 64]
     [56, 64, 64]
[-1] [75, 57, 65]
     [75, 57, 65]
[1] [68, 53, 65]
     [68, 53, 65]
     [66, 55, 64]
     [67, 54, 65]
     [68, 53, 63]
     [69, 52, 64]
     [69, 53, 64]
     [70, 52, 64]
[1] [57, 61, 65]
     [57, 61, 65]
     [57, 62, 64]
     [58, 62, 65]
[-1] [57, 71, 65]
     [57, 71, 65]
     [57, 72, 63]
[1] [68, 54, 65]
     [68, 54, 65]
     [66, 55, 64]
     [66, 56, 64]
     [67, 54, 65]
     [68, 53, 65]
     [69, 52, 64]
     [69, 53, 64]
     [70, 52, 64]
[1] [69, 52, 65]
     [69, 52, 65]
     [67, 54, 65]
     [68, 53, 65]
     [68, 54, 65]
     [69, 52, 64]
     [69, 53, 64]
     [70, 52, 64]
     [71, 51, 65]
[1] [56, 64, 65]
     [56, 64, 65]
     [55, 65, 65]
     [55, 66, 64]
     [56, 64, 64]
     [57, 62, 64]
     [58, 62, 65]
[1] [67, 55, 65]
     [67, 55, 65]
     [65, 56, 64]
     [65, 57, 64]
     [66, 55, 64]
     [66, 56, 64]
     [67, 54, 65]
     [67, 55, 62]
     [68, 53, 65]
     [68, 54, 65]
     [69, 53, 64]
[1] [59, 62, 66]
     [59, 62, 66]
     [57, 61, 65]
     [57, 62, 64]
     [58, 62, 65]
     [61, 60, 65]
[-1] [59, 69, 66]
     [59, 69, 66]
     [57, 71, 65]
     [59, 69, 63]
     [61, 68, 65]
[1] [64, 57, 66]
     [64, 57, 66]
     [62, 59, 65]
     [64, 57, 64]
     [65, 56, 64]
     [65, 57, 64]
     [66, 56, 64]
[1] [63, 58, 66]
     [63, 58, 66]
     [61, 60, 65]
     [62, 59, 65]
     [63, 58, 63]
     [64, 57, 66]
     [65, 57, 64]
[1] [57, 62, 66]
     [57, 62, 66]
     [56, 64, 65]
     [57, 61, 65]
     [57, 62, 64]
     [58, 62, 65]
     [59, 62, 66]
[-1] [68, 60, 66]
     [68, 60, 66]
     [66, 62, 65]
     [68, 60, 64]
     [69, 59, 65]
[1] [54, 67, 66]
     [54, 67, 66]
     [54, 67, 63]
     [54, 68, 64]
     [55, 65, 65]
     [55, 66, 64]
[1] [56, 63, 66]
     [56, 63, 66]
     [55, 65, 65]
     [56, 64, 65]
     [57, 61, 65]
     [57, 62, 66]
     [58, 62, 65]
[-1] [75, 58, 66]
     [75, 58, 66]
     [75, 57, 65]
[1] [70, 66, 66]
     [70, 66, 66]
     [69, 68, 64]
     [70, 66, 63]
     [70, 67, 65]
[1] [61, 59, 66]
     [61, 59, 66]
     [61, 60, 65]
     [62, 59, 65]
     [63, 58, 66]
[-1] [69, 59, 67]
     [69, 59, 67]
     [68, 60, 66]
     [69, 59, 65]
[1] [54, 66, 67]
     [54, 66, 67]
     [54, 67, 66]
     [55, 65, 65]
[1] [61, 60, 67]
     [61, 60, 67]
     [59, 62, 66]
     [61, 59, 66]
     [61, 60, 65]
     [62, 59, 65]
     [63, 58, 66]
[1] [62, 59, 67]
     [62, 59, 67]
     [61, 59, 66]
     [61, 60, 67]
     [62, 59, 65]
     [63, 58, 66]
     [64, 57, 66]
[-1] [70, 62, 67]
     [70, 62, 67]
     [68, 60, 66]
[-1] [70, 73, 67]
     [70, 73, 67]
     [71, 71, 65]
[1] [69, 69, 67]
     [69, 69, 67]
     [70, 67, 65]
[1] [54, 68, 67]
     [54, 68, 67]
     [54, 66, 67]
     [54, 67, 66]
     [54, 68, 64]
[-1] [66, 62, 67]
     [66, 62, 67]
     [66, 62, 65]
     [68, 60, 66]
[1] [70, 67, 67]
     [70, 67, 67]
     [69, 69, 67]
     [70, 66, 66]
     [70, 67, 65]
[1] [71, 58, 67]
     [71, 58, 67]
     [69, 59, 67]
[1] [72, 51, 67]
     [72, 51, 67]
     [71, 51, 65]
     [72, 51, 65]
[1] [66, 55, 67]
     [66, 55, 67]
     [64, 57, 66]
     [66, 55, 64]
     [67, 54, 65]
     [67, 55, 65]
     [68, 54, 65]
[1] [67, 53, 67]
     [67, 53, 67]
     [66, 55, 67]
     [67, 54, 65]
     [67, 55, 65]
     [68, 53, 65]
     [68, 54, 65]
     [69, 52, 65]
[1] [72, 50, 67]
     [72, 50, 67]
     [71, 51, 65]
     [72, 51, 67]
[1] [65, 56, 68]
     [65, 56, 68]
     [64, 57, 66]
     [66, 55, 67]
[1] [55, 65, 68]
     [55, 65, 68]
     [54, 66, 67]
     [54, 67, 66]
     [55, 65, 65]
     [56, 63, 66]
[1] [67, 54, 68]
     [67, 54, 68]
     [65, 56, 68]
     [66, 55, 67]
     [67, 53, 67]
     [67, 54, 65]
[1] [70, 52, 68]
     [70, 52, 68]
     [72, 50, 67]
     [72, 51, 67]
[-1] [60, 69, 68]
     [60, 69, 68]
     [59, 69, 66]
[1] [69, 49, 68]
     [69, 49, 68]
[-1] [68, 60, 68]
     [68, 60, 68]
     [66, 62, 67]
     [68, 60, 66]
     [69, 59, 67]
     [70, 62, 67]
[1] [58, 62, 68]
     [58, 62, 68]
     [56, 63, 66]
     [57, 62, 66]
     [58, 62, 65]
     [59, 62, 66]
[1] [60, 61, 68]
     [60, 61, 68]
     [58, 62, 68]
     [59, 62, 66]
     [61, 59, 66]
     [61, 60, 67]
     [62, 59, 67]
[1] [64, 57, 68]
     [64, 57, 68]
     [62, 59, 67]
     [63, 58, 66]
     [64, 57, 66]
     [65, 56, 68]
     [66, 55, 67]
[1] [56, 64, 68]
     [56, 64, 68]
     [54, 66, 67]
     [55, 65, 68]
     [56, 63, 66]
     [56, 64, 65]
     [57, 62, 66]
     [58, 62, 68]
[-1] [76, 55, 68]
     [76, 55, 68]
[-1] [59, 69, 68]
     [59, 69, 68]
     [59, 69, 66]
     [60, 69, 68]
[-1] [62, 67, 69]
     [62, 67, 69]
     [60, 69, 68]
[1] [68, 53, 69]
     [68, 53, 69]
     [67, 53, 67]
     [67, 54, 68]
     [70, 52, 68]
[1] [63, 58, 69]
     [63, 58, 69]
     [62, 59, 67]
     [63, 58, 66]
     [64, 57, 68]
     [65, 56, 68]
[-1] [69, 59, 69]
     [69, 59, 69]
     [68, 60, 68]
     [69, 59, 67]
     [71, 58, 67]
[1] [57, 62, 69]
     [57, 62, 69]
     [56, 64, 68]
     [57, 62, 66]
     [58, 62, 68]
[1] [69, 68, 69]
     [69, 68, 69]
     [69, 69, 67]
     [70, 67, 67]
[1] [85, 34, 69]
     [85, 34, 69]
[1] [71, 61, 69]
     [71, 61, 69]
     [69, 59, 69]
     [70, 62, 67]
[1] [69, 52, 69]
     [69, 52, 69]
     [67, 53, 67]
     [67, 54, 68]
     [68, 53, 69]
     [70, 52, 68]
[1] [63, 57, 69]
     [63, 57, 69]
     [62, 59, 67]
     [63, 58, 69]
     [64, 57, 68]
     [65, 56, 68]
[1] [73, 50, 69]
     [73, 50, 69]
     [72, 50, 67]
     [72, 51, 67]
[-1] [76, 53, 69]
     [76, 53, 69]
     [76, 55, 68]
[1] [61, 60, 69]
     [61, 60, 69]
     [60, 61, 68]
     [61, 60, 67]
     [62, 59, 67]
     [63, 58, 69]
[-1] [70, 72, 69]
     [70, 72, 69]
     [70, 73, 67]
[1] [55, 66, 69]
     [55, 66, 69]
     [54, 66, 67]
     [54, 68, 67]
     [55, 65, 68]
     [56, 64, 68]
[1] [54, 67, 69]
     [54, 67, 69]
     [54, 66, 67]
     [54, 67, 66]
     [54, 68, 67]
     [55, 65, 68]
     [55, 66, 69]
[-1] [71, 71, 70]
     [71, 71, 70]
     [70, 72, 69]
[-1] [66, 62, 70]
     [66, 62, 70]
     [66, 62, 67]
[1] [70, 49, 70]
     [70, 49, 70]
     [69, 49, 68]
[-1] [68, 60, 70]
     [68, 60, 70]
     [66, 62, 70]
     [68, 60, 68]
     [69, 59, 69]
[-1] [66, 63, 70]
     [66, 63, 70]
     [66, 62, 70]
[-1] [74, 67, 70]
     [74, 67, 70]
[-1] [71, 70, 70]
     [71, 70, 70]
     [69, 68, 69]
     [70, 72, 69]
     [71, 71, 70]
[1] [71, 59, 70]
     [71, 59, 70]
     [69, 59, 69]
     [71, 61, 69]
[1] [62, 59, 70]
     [62, 59, 70]
     [61, 60, 69]
     [62, 59, 67]
     [63, 57, 69]
     [63, 58, 69]
[-1] [55, 72, 71]
     [55, 72, 71]
[1] [56, 65, 71]
     [56, 65, 71]
     [55, 66, 69]
[-1] [63, 66, 71]
     [63, 66, 71]
     [62, 67, 69]
[-1] [72, 71, 71]
     [72, 71, 71]
     [70, 72, 69]
     [71, 70, 70]
     [71, 71, 70]
[-1] [57, 70, 71]
     [57, 70, 71]
     [55, 72, 71]
[-1] [75, 57, 71]
     [75, 57, 71]
[-1] [57, 71, 71]
     [57, 71, 71]
     [55, 72, 71]
     [57, 70, 71]
[-1] [69, 59, 71]
     [69, 59, 71]
     [68, 60, 70]
     [69, 59, 69]
     [71, 59, 70]
[1] [71, 50, 71]
     [71, 50, 71]
     [70, 49, 70]
     [73, 50, 69]
[1] [55, 65, 72]
     [55, 65, 72]
     [56, 65, 71]
[1] [72, 51, 72]
     [72, 51, 72]
     [71, 50, 71]
[1] [71, 51, 72]
     [71, 51, 72]
     [70, 49, 70]
     [71, 50, 71]
     [72, 51, 72]
[1] [69, 51, 72]
     [69, 51, 72]
     [70, 49, 70]
     [71, 50, 71]
     [71, 51, 72]
     [72, 51, 72]
[1] [60, 61, 72]
     [60, 61, 72]
[1] [70, 66, 72]
     [70, 66, 72]
[1] [121, 98, 73]
     [121, 98, 73]
[-1] [68, 60, 73]
     [68, 60, 73]
     [68, 60, 70]
     [69, 59, 71]
[1] [66, 56, 73]
     [66, 56, 73]
[1] [75, 48, 73]
     [75, 48, 73]
[1] [65, 56, 73]
     [65, 56, 73]
     [66, 56, 73]
[1] [119, 56, 73]
     [119, 56, 73]
[1] [66, 55, 73]
     [66, 55, 73]
     [65, 56, 73]
     [66, 56, 73]
[1] [54, 68, 73]
     [54, 68, 73]
[1] [67, 54, 73]
     [67, 54, 73]
     [65, 56, 73]
     [66, 55, 73]
     [66, 56, 73]
[-1] [57, 70, 73]
     [57, 70, 73]
     [57, 70, 71]
     [57, 71, 71]
[1] [54, 66, 73]
     [54, 66, 73]
     [54, 68, 73]
     [55, 65, 72]
     [56, 65, 71]
[1] [56, 63, 73]
     [56, 63, 73]
     [55, 65, 72]
     [56, 65, 71]
[1] [70, 67, 73]
     [70, 67, 73]
     [70, 66, 72]
[1] [70, 64, 74]
     [70, 64, 74]
     [70, 66, 72]
[1] [75, 51, 74]
     [75, 51, 74]
[1] [67, 55, 74]
     [67, 55, 74]
     [65, 56, 73]
     [66, 55, 73]
     [66, 56, 73]
     [67, 54, 73]
[1] [69, 69, 74]
     [69, 69, 74]
     [70, 67, 73]
[1] [63, 58, 74]
     [63, 58, 74]
     [65, 56, 73]
[-1] [66, 62, 74]
     [66, 62, 74]
     [68, 60, 73]
[1] [70, 63, 74]
     [70, 63, 74]
     [70, 64, 74]
[1] [57, 62, 75]
     [57, 62, 75]
     [56, 63, 73]
[-1] [56, 70, 75]
     [56, 70, 75]
     [57, 70, 73]
[-1] [59, 69, 75]
     [59, 69, 75]
     [57, 70, 73]
[-1] [69, 59, 75]
     [69, 59, 75]
     [68, 60, 73]
[1] [64, 57, 75]
     [64, 57, 75]
     [63, 58, 74]
     [65, 56, 73]
     [66, 56, 73]
[1] [56, 64, 75]
     [56, 64, 75]
     [56, 63, 73]
     [57, 62, 75]
[-1] [57, 70, 76]
     [57, 70, 76]
     [56, 70, 75]
     [57, 70, 73]
     [59, 69, 75]
[1] [71, 58, 76]
     [71, 58, 76]
     [69, 59, 75]
[1] [54, 67, 76]
     [54, 67, 76]
[-1] [72, 71, 77]
     [72, 71, 77]
[-1] [71, 71, 77]
     [71, 71, 77]
     [72, 71, 77]
[1] [69, 52, 77]
     [69, 52, 77]
[1] [62, 59, 77]
     [62, 59, 77]
[-1] [69, 61, 77]
     [69, 61, 77]
     [69, 59, 75]
[-1] [68, 60, 77]
     [68, 60, 77]
     [69, 59, 75]
     [69, 61, 77]
[-1] [57, 73, 78]
     [57, 73, 78]
[-1] [70, 72, 78]
     [70, 72, 78]
     [71, 71, 77]
     [72, 71, 77]
[1] [73, 51, 78]
     [73, 51, 78]
[1] [68, 53, 78]
     [68, 53, 78]
     [69, 52, 77]
[-1] [66, 69, 78]
     [66, 69, 78]
[1] [61, 60, 78]
     [61, 60, 78]
     [62, 59, 77]
[-1] [32, 28, 78]
     [32, 28, 78]
[-1] [56, 70, 78]
     [56, 70, 78]
     [56, 70, 75]
     [57, 70, 76]
[-1] [52, 90, 79]
     [52, 90, 79]
[-1] [57, 70, 79]
     [57, 70, 79]
     [56, 70, 78]
     [57, 70, 76]
[-1] [68, 65, 79]
     [68, 65, 79]
[1] [55, 65, 79]
     [55, 65, 79]
[1] [69, 68, 79]
     [69, 68, 79]
[-1] [67, 73, 80]
     [67, 73, 80]
[-1] [91, 122, 80]
     [91, 122, 80]
[-1] [74, 68, 80]
     [74, 68, 80]
[-1] [76, 53, 81]
     [76, 53, 81]
[-1] [73, 69, 81]
     [73, 69, 81]
     [74, 68, 80]
[1] [58, 62, 81]
     [58, 62, 81]
[-1] [69, 59, 82]
     [69, 59, 82]
[-1] [56, 70, 82]
     [56, 70, 82]
[1] [64, 56, 82]
     [64, 56, 82]
[-1] [72, 71, 82]
     [72, 71, 82]
     [73, 69, 81]
[1] [70, 51, 82]
     [70, 51, 82]
[1] [60, 61, 82]
     [60, 61, 82]
     [58, 62, 81]
[-1] [57, 70, 83]
     [57, 70, 83]
     [56, 70, 82]
[1] [64, 55, 83]
     [64, 55, 83]
     [64, 56, 82]
[1] [55, 64, 83]
     [55, 64, 83]
[1] [75, 45, 83]
     [75, 45, 83]
[1] [66, 55, 83]
     [66, 55, 83]
     [64, 55, 83]
     [64, 56, 82]
[1] [72, 48, 83]
     [72, 48, 83]
[1] [70, 66, 83]
     [70, 66, 83]
[1] [71, 51, 84]
     [71, 51, 84]
     [70, 51, 82]
[1] [73, 50, 84]
     [73, 50, 84]
     [71, 51, 84]
     [72, 48, 83]
[1] [74, 50, 84]
     [74, 50, 84]
     [72, 48, 83]
     [73, 50, 84]
[1] [109, 68, 84]
     [109, 68, 84]
[1] [57, 62, 84]
     [57, 62, 84]
     [55, 64, 83]
[1] [54, 68, 84]
     [54, 68, 84]
[1] [56, 63, 85]
     [56, 63, 85]
     [55, 64, 83]
     [57, 62, 84]
[-1] [57, 71, 85]
     [57, 71, 85]
     [57, 70, 83]
[-1] [70, 71, 85]
     [70, 71, 85]
[1] [69, 69, 85]
     [69, 69, 85]
     [70, 71, 85]
[1] [65, 56, 85]
     [65, 56, 85]
     [64, 55, 83]
     [66, 55, 83]
[1] [54, 67, 86]
     [54, 67, 86]
     [54, 68, 84]
[1] [71, 58, 86]
     [71, 58, 86]
[-1] [73, 69, 86]
     [73, 69, 86]
[-1] [59, 80, 87]
     [59, 80, 87]
[-1] [54, 80, 87]
     [54, 80, 87]
[1] [54, 66, 87]
     [54, 66, 87]
     [54, 67, 86]
[-1] [67, 61, 87]
     [67, 61, 87]
[-1] [47, 81, 87]
     [47, 81, 87]
[-1] [70, 72, 87]
     [70, 72, 87]
     [70, 71, 85]
[-1] [68, 61, 87]
     [68, 61, 87]
     [67, 61, 87]
[-1] [70, 58, 87]
     [70, 58, 87]
     [71, 58, 86]
[1] [71, 59, 87]
     [71, 59, 87]
     [70, 58, 87]
     [71, 58, 86]
[-1] [55, 108, 87]
     [55, 108, 87]
[-1] [61, 70, 88]
     [61, 70, 88]
[-1] [56, 70, 88]
     [56, 70, 88]
[-1] [95, 11, 88]
     [95, 11, 88]
[1] [69, 52, 88]
     [69, 52, 88]
[-1] [75, 22, 88]
     [75, 22, 88]
[-1] [72, 71, 88]
     [72, 71, 88]
     [70, 72, 87]
     [73, 69, 86]
[-1] [66, 62, 88]
     [66, 62, 88]
     [67, 61, 87]
     [68, 61, 87]
[1] [58, 61, 89]
     [58, 61, 89]
[1] [60, 60, 89]
     [60, 60, 89]
     [58, 61, 89]
[1] [68, 53, 89]
     [68, 53, 89]
     [69, 52, 88]
[-1] [39, 85, 89]
     [39, 85, 89]
[-1] [50, 71, 90]
     [50, 71, 90]
[-1] [69, 75, 90]
     [69, 75, 90]
[-1] [70, 58, 90]
     [70, 58, 90]
     [70, 58, 87]
[1] [61, 59, 90]
     [61, 59, 90]
     [60, 60, 89]
[-1] [54, 77, 90]
     [54, 77, 90]
[-1] [70, 71, 90]
     [70, 71, 90]
     [72, 71, 88]
[-1] [63, 71, 90]
     [63, 71, 90]
     [61, 70, 88]
[-1] [67, 61, 91]
     [67, 61, 91]
[1] [70, 50, 91]
     [70, 50, 91]
[1] [65, 55, 91]
     [65, 55, 91]
[-1] [73, 69, 91]
     [73, 69, 91]
[-1] [68, 60, 91]
     [68, 60, 91]
     [67, 61, 91]
     [70, 58, 90]
[1] [80, 14, 92]
     [80, 14, 92]
[-1] [57, 70, 92]
     [57, 70, 92]
[1] [63, 57, 92]
     [63, 57, 92]
     [65, 55, 91]
[1] [70, 64, 92]
     [70, 64, 92]
[1] [1, 116, 92]
     [1, 116, 92]
[-1] [64, 64, 92]
     [64, 64, 92]
[-1] [70, 58, 92]
     [70, 58, 92]
     [68, 60, 91]
     [70, 58, 90]
[1] [79, 46, 92]
     [79, 46, 92]
[1] [75, 39, 93]
     [75, 39, 93]
[1] [61, 54, 93]
     [61, 54, 93]
[1] [11, 34, 93]
     [11, 34, 93]
[1] [25, 75, 93]
     [25, 75, 93]
[-1] [74, 61, 93]
     [74, 61, 93]
[1] [71, 48, 93]
     [71, 48, 93]
     [70, 50, 91]
[1] [11, 33, 93]
     [11, 33, 93]
     [11, 34, 93]
[1] [86, 76, 93]
     [86, 76, 93]
[1] [76, 49, 93]
     [76, 49, 93]
[1] [35, 26, 93]
     [35, 26, 93]
[1] [62, 59, 94]
     [62, 59, 94]
     [63, 57, 92]
[1] [55, 65, 94]
     [55, 65, 94]
[-1] [70, 58, 95]
     [70, 58, 95]
     [70, 58, 92]
[-1] [67, 61, 95]
     [67, 61, 95]
[1] [57, 44, 95]
     [57, 44, 95]
[1] [32, 28, 95]
     [32, 28, 95]
[-1] [70, 71, 95]
     [70, 71, 95]
[-1] [64, 64, 96]
     [64, 64, 96]
[1] [56, 62, 96]
     [56, 62, 96]
[1] [77, 51, 96]
     [77, 51, 96]
[1] [39, 85, 96]
     [39, 85, 96]
[1] [7, 28, 96]
     [7, 28, 96]
[1] [68, 52, 96]
     [68, 52, 96]
[1] [84, 46, 96]
     [84, 46, 96]
[1] [28, 4, 96]
     [28, 4, 96]
[1] [17, 22, 97]
     [17, 22, 97]
[1] [20, 31, 97]
     [20, 31, 97]
[1] [76, 59, 97]
     [76, 59, 97]
[-1] [72, 71, 97]
     [72, 71, 97]
     [70, 71, 95]
[1] [69, 68, 98]
     [69, 68, 98]
[1] [95, 11, 98]
     [95, 11, 98]
[-1] [59, 69, 98]
     [59, 69, 98]
[-1] [55, 70, 98]
     [55, 70, 98]
[-1] [70, 58, 98]
     [70, 58, 98]
     [70, 58, 95]
[-1] [35, 26, 98]
     [35, 26, 98]
[-1] [73, 69, 99]
     [73, 69, 99]
     [72, 71, 97]
[-1] [64, 64, 100]
     [64, 64, 100]
[-1] [36, 68, 100]
     [36, 68, 100]
[1] [59, 61, 100]
     [59, 61, 100]
[1] [59, 63, 100]
     [59, 63, 100]
     [59, 61, 100]
[-1] [67, 61, 100]
     [67, 61, 100]
[-1] [69, 71, 101]
     [69, 71, 101]
[-1] [95, 11, 101]
     [95, 11, 101]
     [95, 11, 98]
[-1] [71, 71, 101]
     [71, 71, 101]
     [69, 71, 101]
[-1] [57, 44, 101]
     [57, 44, 101]
[-1] [70, 71, 102]
     [70, 71, 102]
     [69, 71, 101]
     [71, 71, 101]
[1] [109, 45, 103]
     [109, 45, 103]
[1] [119, 12, 103]
     [119, 12, 103]
[-1] [65, 62, 103]
     [65, 62, 103]
[-1] [55, 70, 104]
     [55, 70, 104]
[-1] [70, 58, 104]
     [70, 58, 104]
[-1] [64, 64, 105]
     [64, 64, 105]
     [65, 62, 103]
[-1] [58, 70, 105]
     [58, 70, 105]
[-1] [70, 72, 105]
     [70, 72, 105]
[-1] [76, 53, 105]
     [76, 53, 105]
[-1] [69, 80, 105]
     [69, 80, 105]
[-1] [75, 57, 106]
     [75, 57, 106]
[-1] [65, 62, 107]
     [65, 62, 107]
     [64, 64, 105]
[-1] [56, 72, 107]
     [56, 72, 107]
[-1] [70, 57, 108]
     [70, 57, 108]
[-1] [67, 61, 108]
     [67, 61, 108]
     [65, 62, 107]
[-1] [59, 80, 108]
     [59, 80, 108]
[-1] [58, 70, 109]
     [58, 70, 109]
[-1] [59, 78, 109]
     [59, 78, 109]
     [59, 80, 108]
[-1] [29, 72, 109]
     [29, 72, 109]
[-1] [55, 70, 109]
     [55, 70, 109]
     [56, 72, 107]
     [58, 70, 109]
[-1] [75, 56, 110]
     [75, 56, 110]
[-1] [42, 80, 110]
     [42, 80, 110]
[-1] [39, 82, 110]
     [39, 82, 110]
[-1] [55, 73, 110]
     [55, 73, 110]
[-1] [61, 75, 110]
     [61, 75, 110]
[-1] [61, 71, 110]
     [61, 71, 110]
[-1] [121, 98, 110]
     [121, 98, 110]
[-1] [65, 63, 110]
     [65, 63, 110]
[-1] [116, 101, 110]
     [116, 101, 110]
[-1] [52, 72, 111]
     [52, 72, 111]
[-1] [65, 62, 111]
     [65, 62, 111]
     [65, 63, 110]
[-1] [70, 71, 111]
     [70, 71, 111]
[-1] [63, 65, 111]
     [63, 65, 111]
     [65, 63, 110]
[-1] [64, 64, 111]
     [64, 64, 111]
     [63, 65, 111]
     [65, 62, 111]
     [65, 63, 110]
[-1] [56, 70, 111]
     [56, 70, 111]
     [55, 70, 109]
     [58, 70, 109]
[1] [66, 55, 111]
     [66, 55, 111]
[1] [71, 51, 111]
     [71, 51, 111]
[-1] [70, 58, 111]
     [70, 58, 111]
[-1] [75, 60, 112]
     [75, 60, 112]
[1] [56, 63, 112]
     [56, 63, 112]
[1] [72, 50, 112]
     [72, 50, 112]
     [71, 51, 111]
[-1] [70, 57, 112]
     [70, 57, 112]
     [70, 58, 111]
[-1] [76, 52, 112]
     [76, 52, 112]
[-1] [69, 97, 112]
     [69, 97, 112]
[-1] [74, 61, 112]
     [74, 61, 112]
     [75, 60, 112]
[1] [71, 57, 112]
     [71, 57, 112]
     [70, 57, 112]
     [70, 58, 111]
[1] [70, 63, 112]
     [70, 63, 112]
[1] [70, 51, 112]
     [70, 51, 112]
     [71, 51, 111]
     [72, 50, 112]
[-1] [67, 73, 112]
     [67, 73, 112]
[1] [69, 52, 112]
     [69, 52, 112]
     [70, 51, 112]
     [71, 51, 111]
[1] [67, 53, 113]
     [67, 53, 113]
     [66, 55, 111]
     [69, 52, 112]
[1] [66, 54, 113]
     [66, 54, 113]
     [66, 55, 111]
     [67, 53, 113]
[1] [73, 50, 113]
     [73, 50, 113]
     [71, 51, 111]
     [72, 50, 112]
[1] [70, 66, 113]
     [70, 66, 113]
[-1] [58, 70, 113]
     [58, 70, 113]
     [56, 70, 111]
[1] [61, 59, 113]
     [61, 59, 113]
[1] [54, 66, 113]
     [54, 66, 113]
[1] [61, 60, 113]
     [61, 60, 113]
     [61, 59, 113]
[-1] [72, 71, 113]
     [72, 71, 113]
     [70, 71, 111]
[1] [71, 58, 113]
     [71, 58, 113]
     [70, 57, 112]
     [70, 58, 111]
     [71, 57, 112]
[1] [64, 56, 113]
     [64, 56, 113]
     [66, 54, 113]
     [66, 55, 111]
[1] [70, 63, 113]
     [70, 63, 113]
     [70, 63, 112]
     [70, 66, 113]
[-1] [73, 69, 113]
     [73, 69, 113]
     [72, 71, 113]
[1] [54, 67, 113]
     [54, 67, 113]
     [54, 66, 113]
[1] [54, 68, 113]
     [54, 68, 113]
     [54, 66, 113]
     [54, 67, 113]
[1] [57, 61, 113]
     [57, 61, 113]
     [56, 63, 112]
[-1] [65, 62, 113]
     [65, 62, 113]
     [64, 64, 111]
     [65, 62, 111]
[-1] [51, 74, 113]
     [51, 74, 113]
     [52, 72, 111]
[-1] [55, 70, 114]
     [55, 70, 114]
     [54, 68, 113]
[1] [60, 60, 114]
     [60, 60, 114]
     [61, 59, 113]
     [61, 60, 113]
[-1] [69, 71, 114]
     [69, 71, 114]
[1] [58, 61, 114]
     [58, 61, 114]
     [57, 61, 113]
     [60, 60, 114]
[-1] [56, 70, 114]
     [56, 70, 114]
     [54, 68, 113]
     [55, 70, 114]
     [56, 70, 111]
     [58, 70, 113]
[1] [73, 50, 114]
     [73, 50, 114]
     [72, 50, 112]
     [73, 50, 113]
[1] [55, 64, 114]
     [55, 64, 114]
     [54, 66, 113]
     [56, 63, 112]
[-1] [57, 70, 114]
     [57, 70, 114]
     [55, 70, 114]
     [56, 70, 114]
     [58, 70, 113]
[1] [74, 50, 114]
     [74, 50, 114]
     [72, 50, 112]
     [73, 50, 114]
[1] [63, 57, 114]
     [63, 57, 114]
     [61, 59, 113]
     [64, 56, 113]
[1] [68, 53, 114]
     [68, 53, 114]
     [66, 54, 113]
     [67, 53, 113]
     [69, 52, 112]
[-1] [67, 92, 114]
     [67, 92, 114]
[1] [69, 68, 114]
     [69, 68, 114]
     [69, 71, 114]
     [70, 66, 113]
[1] [61, 59, 114]
     [61, 59, 114]
     [60, 60, 114]
     [61, 59, 113]
     [61, 60, 113]
     [63, 57, 114]
[1] [62, 58, 114]
     [62, 58, 114]
     [60, 60, 114]
     [61, 59, 114]
     [61, 60, 113]
     [63, 57, 114]
     [64, 56, 113]
[1] [57, 62, 114]
     [57, 62, 114]
     [55, 64, 114]
     [56, 63, 112]
     [57, 61, 113]
     [58, 61, 114]
[1] [69, 67, 114]
     [69, 67, 114]
     [69, 68, 114]
     [70, 66, 113]
[1] [59, 61, 114]
     [59, 61, 114]
     [57, 61, 113]
     [57, 62, 114]
     [58, 61, 114]
     [60, 60, 114]
     [61, 59, 114]
     [61, 60, 113]
[1] [70, 51, 114]
     [70, 51, 114]
     [68, 53, 114]
     [69, 52, 112]
     [70, 51, 112]
     [72, 50, 112]
[1] [69, 69, 114]
     [69, 69, 114]
     [69, 67, 114]
     [69, 68, 114]
     [69, 71, 114]
[-1] [75, 56, 114]
     [75, 56, 114]
[-1] [70, 57, 114]
     [70, 57, 114]
     [70, 57, 112]
     [71, 57, 112]
     [71, 58, 113]
[1] [70, 64, 114]
     [70, 64, 114]
     [70, 63, 113]
     [70, 66, 113]
[-1] [74, 61, 114]
     [74, 61, 114]
     [74, 61, 112]
     [75, 60, 112]
[1] [71, 57, 114]
     [71, 57, 114]
     [70, 57, 114]
     [71, 57, 112]
     [71, 58, 113]
[1] [67, 53, 114]
     [67, 53, 114]
     [66, 54, 113]
     [67, 53, 113]
     [68, 53, 114]
     [69, 52, 112]
[-1] [65, 64, 114]
     [65, 64, 114]
     [65, 62, 113]
[-1] [56, 79, 114]
     [56, 79, 114]
[1] [68, 52, 114]
     [68, 52, 114]
     [66, 54, 113]
     [67, 53, 114]
     [68, 53, 114]
     [69, 52, 112]
     [70, 51, 114]
[1] [54, 66, 115]
     [54, 66, 115]
     [54, 66, 113]
     [54, 67, 113]
     [54, 68, 113]
     [55, 64, 114]
[1] [64, 56, 115]
     [64, 56, 115]
     [62, 58, 114]
     [63, 57, 114]
     [64, 56, 113]
[1] [72, 50, 115]
     [72, 50, 115]
     [70, 51, 114]
     [72, 50, 112]
     [73, 50, 114]
     [74, 50, 114]
[1] [69, 52, 115]
     [69, 52, 115]
     [67, 53, 114]
     [68, 52, 114]
     [68, 53, 114]
     [69, 52, 112]
     [70, 51, 114]
[1] [70, 61, 115]
     [70, 61, 115]
     [70, 63, 113]
[1] [70, 63, 115]
     [70, 63, 115]
     [70, 61, 115]
     [70, 63, 113]
     [70, 64, 114]
[-1] [62, 67, 115]
     [62, 67, 115]
[1] [57, 61, 115]
     [57, 61, 115]
     [57, 61, 113]
     [57, 62, 114]
     [58, 61, 114]
     [59, 61, 114]
[1] [61, 59, 115]
     [61, 59, 115]
     [59, 61, 114]
     [60, 60, 114]
     [61, 59, 114]
     [61, 60, 113]
     [62, 58, 114]
     [63, 57, 114]
[1] [71, 51, 115]
     [71, 51, 115]
     [69, 52, 115]
     [70, 51, 114]
     [72, 50, 115]
     [73, 50, 114]
[1] [73, 50, 115]
     [73, 50, 115]
     [71, 51, 115]
     [72, 50, 115]
     [73, 50, 114]
     [74, 50, 114]
[1] [69, 51, 115]
     [69, 51, 115]
     [67, 53, 114]
     [68, 52, 114]
     [68, 53, 114]
     [69, 52, 115]
     [70, 51, 114]
     [71, 51, 115]
[1] [65, 55, 115]
     [65, 55, 115]
     [63, 57, 114]
     [64, 56, 115]
     [66, 54, 113]
     [67, 53, 114]
[1] [60, 60, 115]
     [60, 60, 115]
     [58, 61, 114]
     [59, 61, 114]
     [60, 60, 114]
     [61, 59, 115]
     [61, 60, 113]
     [62, 58, 114]
[1] [55, 64, 116]
     [55, 64, 116]
     [54, 66, 115]
     [55, 64, 114]
[1] [58, 61, 116]
     [58, 61, 116]
     [57, 61, 115]
     [57, 62, 114]
     [58, 61, 114]
     [59, 61, 114]
     [60, 60, 115]
[1] [56, 62, 116]
     [56, 62, 116]
     [55, 64, 116]
     [57, 61, 115]
     [57, 62, 114]
     [58, 61, 116]
[-1] [65, 63, 116]
     [65, 63, 116]
     [65, 64, 114]
[1] [66, 55, 116]
     [66, 55, 116]
     [64, 56, 115]
     [65, 55, 115]
     [67, 53, 114]
[1] [63, 57, 116]
     [63, 57, 116]
     [61, 59, 115]
     [62, 58, 114]
     [63, 57, 114]
     [64, 56, 115]
     [65, 55, 115]
[-1] [63, 65, 116]
     [63, 65, 116]
     [62, 67, 115]
     [65, 63, 116]
     [65, 64, 114]
[-1] [73, 70, 116]
     [73, 70, 116]
[-1] [65, 62, 116]
     [65, 62, 116]
     [65, 62, 113]
     [65, 63, 116]
     [65, 64, 114]
[1] [69, 66, 116]
     [69, 66, 116]
     [69, 67, 114]
     [69, 68, 114]
     [70, 64, 114]
[1] [69, 67, 116]
     [69, 67, 116]
     [69, 66, 116]
     [69, 67, 114]
     [69, 68, 114]
     [69, 69, 114]
[1] [70, 51, 116]
     [70, 51, 116]
     [68, 52, 114]
     [69, 51, 115]
     [69, 52, 115]
     [70, 51, 114]
     [71, 51, 115]
     [72, 50, 115]
[1] [62, 58, 116]
     [62, 58, 116]
     [60, 60, 115]
     [61, 59, 115]
     [62, 58, 114]
     [63, 57, 116]
     [64, 56, 115]
[-1] [75, 51, 116]
     [75, 51, 116]
     [73, 50, 115]
     [74, 50, 114]
[1] [67, 53, 116]
     [67, 53, 116]
     [65, 55, 115]
     [66, 55, 116]
     [67, 53, 114]
     [68, 52, 114]
     [68, 53, 114]
     [69, 51, 115]
     [69, 52, 115]
[1] [64, 56, 116]
     [64, 56, 116]
     [62, 58, 116]
     [63, 57, 116]
     [64, 56, 115]
     [65, 55, 115]
     [66, 55, 116]
[1] [59, 61, 116]
     [59, 61, 116]
     [57, 61, 115]
     [57, 62, 114]
     [58, 61, 116]
     [59, 61, 114]
     [60, 60, 115]
     [61, 59, 115]
[1] [54, 66, 116]
     [54, 66, 116]
     [54, 66, 115]
     [55, 64, 116]
[1] [56, 63, 116]
     [56, 63, 116]
     [55, 64, 116]
     [56, 62, 116]
     [57, 61, 115]
     [57, 62, 114]
     [58, 61, 116]
[1] [71, 58, 116]
     [71, 58, 116]
     [70, 57, 114]
     [71, 57, 114]
     [71, 58, 113]
[1] [57, 61, 117]
     [57, 61, 117]
     [56, 62, 116]
     [56, 63, 116]
     [57, 61, 115]
     [58, 61, 116]
     [59, 61, 116]
[1] [68, 52, 117]
     [68, 52, 117]
     [67, 53, 116]
     [68, 52, 114]
     [69, 51, 115]
     [69, 52, 115]
     [70, 51, 116]
[-1] [75, 58, 117]
     [75, 58, 117]
[-1] [56, 71, 117]
     [56, 71, 117]
[-1] [74, 61, 117]
     [74, 61, 117]
     [74, 61, 114]
[1] [72, 50, 117]
     [72, 50, 117]
     [70, 51, 116]
     [71, 51, 115]
     [72, 50, 115]
     [73, 50, 115]
[-1] [70, 57, 117]
     [70, 57, 117]
     [70, 57, 114]
     [71, 58, 116]
[1] [66, 54, 117]
     [66, 54, 117]
     [64, 56, 116]
     [65, 55, 115]
     [66, 55, 116]
     [67, 53, 116]
     [68, 52, 117]
[1] [70, 63, 117]
     [70, 63, 117]
     [70, 61, 115]
     [70, 63, 115]
[1] [61, 59, 117]
     [61, 59, 117]
     [59, 61, 116]
     [60, 60, 115]
     [61, 59, 115]
     [62, 58, 116]
     [63, 57, 116]
[-1] [55, 70, 117]
     [55, 70, 117]
     [55, 70, 114]
     [56, 71, 117]
[-1] [58, 70, 117]
     [58, 70, 117]
     [55, 70, 117]
     [56, 71, 117]
[-1] [76, 55, 117]
     [76, 55, 117]
[1] [60, 59, 117]
     [60, 59, 117]
     [58, 61, 116]
     [59, 61, 116]
     [60, 60, 115]
     [61, 59, 117]
     [62, 58, 116]
[1] [69, 68, 117]
     [69, 68, 117]
     [69, 66, 116]
     [69, 67, 116]
     [69, 68, 114]
[1] [55, 64, 117]
     [55, 64, 117]
     [54, 66, 116]
     [55, 64, 116]
     [56, 62, 116]
     [56, 63, 116]
[1] [60, 60, 117]
     [60, 60, 117]
     [58, 61, 116]
     [59, 61, 116]
     [60, 59, 117]
     [60, 60, 115]
     [61, 59, 117]
     [62, 58, 116]
[1] [71, 57, 117]
     [71, 57, 117]
     [70, 57, 117]
     [71, 57, 114]
     [71, 58, 116]
[1] [73, 50, 117]
     [73, 50, 117]
     [71, 51, 115]
     [72, 50, 117]
     [73, 50, 115]
     [75, 51, 116]
[1] [65, 55, 118]
     [65, 55, 118]
     [64, 56, 116]
     [65, 55, 115]
     [66, 54, 117]
     [66, 55, 116]
[1] [70, 60, 118]
     [70, 60, 118]
     [71, 58, 116]
[1] [58, 61, 118]
     [58, 61, 118]
     [56, 62, 116]
     [57, 61, 117]
     [58, 61, 116]
     [59, 61, 116]
     [60, 59, 117]
     [60, 60, 117]
[1] [74, 50, 118]
     [74, 50, 118]
     [72, 50, 117]
     [73, 50, 117]
     [75, 51, 116]
[-1] [56, 70, 118]
     [56, 70, 118]
     [55, 70, 117]
     [56, 71, 117]
     [58, 70, 117]
[-1] [71, 71, 118]
     [71, 71, 118]
     [73, 70, 116]
[-1] [75, 56, 118]
     [75, 56, 118]
     [75, 58, 117]
     [76, 55, 117]
[1] [55, 63, 118]
     [55, 63, 118]
     [55, 64, 117]
     [56, 62, 116]
     [56, 63, 116]
     [57, 61, 117]
[1] [56, 62, 118]
     [56, 62, 118]
     [55, 63, 118]
     [55, 64, 117]
     [56, 62, 116]
     [56, 63, 116]
     [57, 61, 117]
     [58, 61, 118]
[1] [54, 65, 118]
     [54, 65, 118]
     [54, 66, 116]
     [55, 63, 118]
     [55, 64, 117]
[-1] [74, 67, 118]
     [74, 67, 118]
[-1] [75, 61, 118]
     [75, 61, 118]
     [74, 61, 117]
[1] [62, 58, 118]
     [62, 58, 118]
     [60, 59, 117]
     [60, 60, 117]
     [61, 59, 117]
     [62, 58, 116]
     [63, 57, 116]
[1] [57, 61, 118]
     [57, 61, 118]
     [55, 63, 118]
     [56, 62, 118]
     [56, 63, 116]
     [57, 61, 117]
     [58, 61, 118]
     [59, 61, 116]
[1] [64, 56, 119]
     [64, 56, 119]
     [62, 58, 118]
     [64, 56, 116]
     [65, 55, 118]
[1] [67, 53, 119]
     [67, 53, 119]
     [65, 55, 118]
     [66, 54, 117]
     [67, 53, 116]
     [68, 52, 117]
[1] [54, 66, 119]
     [54, 66, 119]
     [54, 65, 118]
     [54, 66, 116]
     [55, 64, 117]
[1] [63, 57, 119]
     [63, 57, 119]
     [62, 58, 118]
     [63, 57, 116]
     [64, 56, 119]
     [65, 55, 118]
[-1] [61, 67, 119]
     [61, 67, 119]
[1] [69, 67, 119]
     [69, 67, 119]
     [69, 67, 116]
     [69, 68, 117]
[-1] [75, 59, 119]
     [75, 59, 119]
     [74, 61, 117]
     [75, 58, 117]
     [75, 61, 118]
[-1] [75, 52, 119]
     [75, 52, 119]
     [74, 50, 118]
[1] [68, 52, 119]
     [68, 52, 119]
     [67, 53, 119]
     [68, 52, 117]
[1] [69, 52, 119]
     [69, 52, 119]
     [67, 53, 119]
     [68, 52, 119]
[-1] [65, 62, 119]
     [65, 62, 119]
     [65, 62, 116]
[1] [70, 51, 119]
     [70, 51, 119]
     [68, 52, 119]
     [69, 52, 119]
     [70, 51, 116]
     [72, 50, 117]
[1] [69, 51, 120]
     [69, 51, 120]
     [67, 53, 119]
     [68, 52, 119]
     [69, 52, 119]
     [70, 51, 119]
[1] [71, 50, 120]
     [71, 50, 120]
     [69, 51, 120]
     [69, 52, 119]
     [70, 51, 119]
[1] [70, 61, 120]
     [70, 61, 120]
     [70, 60, 118]
[1] [59, 61, 120]
     [59, 61, 120]
     [57, 61, 118]
     [58, 61, 118]
[1] [55, 64, 120]
     [55, 64, 120]
     [54, 65, 118]
     [54, 66, 119]
     [55, 63, 118]
     [55, 64, 117]
     [56, 62, 118]
[1] [53, 67, 120]
     [53, 67, 120]
     [54, 65, 118]
     [54, 66, 119]
[1] [60, 60, 120]
     [60, 60, 120]
     [58, 61, 118]
     [59, 61, 120]
     [60, 60, 117]
[-1] [70, 57, 120]
     [70, 57, 120]
     [70, 57, 117]
[1] [61, 59, 120]
     [61, 59, 120]
     [59, 61, 120]
     [60, 60, 120]
     [61, 59, 117]
     [62, 58, 118]
     [63, 57, 119]
[-1] [74, 61, 120]
     [74, 61, 120]
     [74, 61, 117]
     [75, 59, 119]
     [75, 61, 118]
[-1] [67, 61, 120]
     [67, 61, 120]
     [65, 62, 119]
     [70, 61, 120]
[-1] [64, 64, 120]
     [64, 64, 120]
     [65, 62, 119]
[-1] [64, 65, 120]
     [64, 65, 120]
     [64, 64, 120]
[1] [70, 62, 120]
     [70, 62, 120]
     [70, 60, 118]
     [70, 61, 120]
[1] [59, 60, 120]
     [59, 60, 120]
     [57, 61, 118]
     [58, 61, 118]
     [59, 61, 120]
     [60, 60, 120]
     [61, 59, 120]
[1] [72, 50, 121]
     [72, 50, 121]
     [70, 51, 119]
     [71, 50, 120]
[-1] [63, 65, 121]
     [63, 65, 121]
     [64, 64, 120]
     [64, 65, 120]
[-1] [57, 70, 121]
     [57, 70, 121]
[-1] [62, 65, 121]
     [62, 65, 121]
     [61, 67, 119]
     [63, 65, 121]
     [64, 64, 120]
     [64, 65, 120]
[1] [68, 53, 121]
     [68, 53, 121]
     [67, 53, 119]
     [68, 52, 119]
     [69, 51, 120]
     [69, 52, 119]
[1] [71, 51, 121]
     [71, 51, 121]
     [69, 51, 120]
     [69, 52, 119]
     [70, 51, 119]
     [71, 50, 120]
     [72, 50, 121]
[-1] [65, 63, 121]
     [65, 63, 121]
     [63, 65, 121]
     [64, 64, 120]
     [64, 65, 120]
     [65, 62, 119]
     [67, 61, 120]
[1] [58, 61, 121]
     [58, 61, 121]
     [58, 61, 118]
     [59, 60, 120]
     [59, 61, 120]
     [60, 60, 120]
[-1] [75, 51, 122]
     [75, 51, 122]
[-1] [55, 70, 122]
     [55, 70, 122]
     [57, 70, 121]
[1] [73, 50, 122]
     [73, 50, 122]
     [71, 50, 120]
     [71, 51, 121]
     [72, 50, 121]
     [75, 51, 122]
[1] [63, 56, 122]
     [63, 56, 122]
[1] [61, 58, 122]
     [61, 58, 122]
     [60, 60, 120]
     [61, 59, 120]
     [63, 56, 122]
[-1] [64, 75, 122]
     [64, 75, 122]
[-1] [75, 56, 122]
     [75, 56, 122]
[1] [54, 68, 122]
     [54, 68, 122]
     [53, 67, 120]
     [55, 70, 122]
[1] [67, 53, 122]
     [67, 53, 122]
     [67, 53, 119]
     [68, 53, 121]
[1] [65, 55, 123]
     [65, 55, 123]
     [63, 56, 122]
     [67, 53, 122]
[1] [54, 67, 123]
     [54, 67, 123]
     [54, 68, 122]
[1] [64, 56, 123]
     [64, 56, 123]
     [63, 56, 122]
     [65, 55, 123]
[1] [62, 58, 123]
     [62, 58, 123]
     [61, 58, 122]
     [63, 56, 122]
     [64, 56, 123]
[-1] [5, 15, 123]
     [5, 15, 123]
[1] [66, 54, 123]
     [66, 54, 123]
     [64, 56, 123]
     [65, 55, 123]
     [67, 53, 122]
     [68, 53, 121]
[1] [60, 61, 123]
     [60, 61, 123]
     [58, 61, 121]
[1] [70, 63, 123]
     [70, 63, 123]
[1] [57, 61, 123]
     [57, 61, 123]
     [58, 61, 121]
     [60, 61, 123]
[-1] [60, 71, 123]
     [60, 71, 123]
[-1] [62, 65, 123]
     [62, 65, 123]
     [62, 65, 121]
     [63, 65, 121]
[1] [70, 64, 123]
     [70, 64, 123]
     [70, 63, 123]
[1] [68, 52, 123]
     [68, 52, 123]
     [66, 54, 123]
     [67, 53, 122]
     [68, 53, 121]
[1] [56, 62, 123]
     [56, 62, 123]
     [57, 61, 123]
     [58, 61, 121]
[1] [54, 65, 123]
     [54, 65, 123]
     [54, 67, 123]
[-1] [58, 70, 124]
     [58, 70, 124]
     [60, 71, 123]
[1] [69, 67, 124]
     [69, 67, 124]
[-1] [75, 52, 124]
     [75, 52, 124]
     [75, 51, 122]
[1] [71, 57, 124]
     [71, 57, 124]
[1] [74, 50, 124]
     [74, 50, 124]
     [73, 50, 122]
     [75, 51, 122]
     [75, 52, 124]
[-1] [74, 61, 124]
     [74, 61, 124]
[-1] [61, 67, 124]
     [61, 67, 124]
     [62, 65, 123]
[1] [54, 66, 124]
     [54, 66, 124]
     [54, 65, 123]
     [54, 67, 123]
     [54, 68, 122]
[-1] [55, 78, 124]
     [55, 78, 124]
[-1] [70, 71, 124]
     [70, 71, 124]
[-1] [70, 57, 125]
     [70, 57, 125]
     [71, 57, 124]
[1] [70, 66, 125]
     [70, 66, 125]
     [69, 67, 124]
     [70, 64, 123]
[-1] [56, 71, 125]
     [56, 71, 125]
     [58, 70, 124]
[-1] [62, 65, 125]
     [62, 65, 125]
     [61, 67, 124]
     [62, 65, 123]
[-1] [65, 62, 125]
     [65, 62, 125]
[-1] [56, 70, 125]
     [56, 70, 125]
     [56, 71, 125]
     [58, 70, 124]
[1] [55, 64, 125]
     [55, 64, 125]
     [54, 65, 123]
     [54, 66, 124]
     [56, 62, 123]
[1] [71, 58, 125]
     [71, 58, 125]
     [70, 57, 125]
     [71, 57, 124]
[1] [70, 51, 125]
     [70, 51, 125]
     [68, 52, 123]
[-1] [12, 40, 125]
     [12, 40, 125]
[1] [60, 60, 126]
     [60, 60, 126]
[1] [66, 53, 126]
     [66, 53, 126]
[-1] [69, 71, 126]
     [69, 71, 126]
     [70, 71, 124]
[-1] [63, 65, 126]
     [63, 65, 126]
     [62, 65, 125]
[1] [53, 66, 126]
     [53, 66, 126]
     [54, 66, 124]
     [55, 64, 125]
[1] [70, 60, 127]
     [70, 60, 127]
     [71, 58, 125]
[-1] [62, 65, 127]
     [62, 65, 127]
     [62, 65, 125]
     [63, 65, 126]
[1] [69, 66, 127]
     [69, 66, 127]
     [70, 66, 125]
[-1] [75, 56, 127]
     [75, 56, 127]
