-2.363703012466430664e+00
-1.435986632714048028e-06
-1.475562516617401343e-08
-1.935604587197303772e-02
-9.856187738478183746e-03
-6.216846108436584473e-01
7.621021866798400879e-01
1.811398193240165710e-02
-2.507383346557617188e+00
-1.028995752334594727e+00
-4.873787239193916321e-02
-3.004899501800537109e+00
2.366009235382080078e+00
-5.906901359558105469e-01
-2.392301797866821289e+00
-7.863635983085259795e-05
-1.921810269355773926e+00
-2.351924963295459747e-02
-1.386458643537480384e-05
-2.153949812054634094e-02
-1.630005499464459717e-07
-5.837502256548381986e-17
-4.795552376890555024e-05
-3.560027107596397400e-02
-7.846209338984670018e-15
-3.093983046710491180e-02
-6.747022736817598343e-03
-6.259719729423522949e-01
1.492032408714294434e-01
-3.311484178993850946e-04
-2.221665345132350922e-02
-2.872853726148605347e-02
-2.957061052322387695e+00
2.142980098724365234e+00
1.426377534866333008e+00
-2.458250045776367188e+00
-4.017640894744545221e-04
-5.163447856903076172e-01
-1.227797656611073762e-05
8.424386382102966309e-03
-5.276672542095184326e-02
-1.143553614616394043e+00
4.070199094712734222e-03
1.162863373756408691e+00
-1.946611881256103516e+00
-2.062100793409626931e-05
1.068436264991760254e+00
-1.102280862141924445e-07
2.588562965393066406e+00
-1.876292361497472472e-13
-6.317010274869971909e-07
5.955387279391288757e-02
-3.289743885397911072e-02
-1.055605292320251465e+00
-1.561619639396667480e+00
-1.015983104705810547e+00
-2.113460540771484375e+00
-2.786431089043617249e-02
-1.502105523298880030e-10
-5.623607896268367767e-03
-2.857350111007690430e+00
-3.245014158892445266e-05
1.044098019599914551e+00
-3.203630794849020117e-24
-1.233679890632629395e+00
1.774541735649108887e-01
4.750077724456787109e-01
1.787844181060791016e+00
-3.313478231430053711e-01
-3.924292325973510742e-01
-2.783947467803955078e+00
-2.725091333144469274e-11
-3.574787410345507200e-17
1.345671772956848145e+00
-1.510610248001142963e-10
-5.526632231355438189e-17
-7.710156496614217758e-03
3.226335942745208740e-01
-8.294640481472015381e-02
-5.955261364579200745e-02
-1.907411206047981977e-04
-1.185695171356201172e+00
-1.229612109909794526e-07
-4.401299953460693359e+00
-1.840616809204220772e-03
7.769939303398132324e-02
-1.940982937812805176e+00
-8.176743388175964355e-01
-3.652045965194702148e+00
-8.802527189254760742e-02
-2.081873743068362214e-24
3.625031113624572754e-01
-2.301561594009399414e+00
-3.370697051286697388e-02
-7.277977420017123222e-04
1.153111577033996582e+00
-1.517642974853515625e+00
-1.760077953338623047e+00
2.415348887443542480e-01
-5.333819426596164703e-04
-4.607755010876957158e-10
-1.856471747159957886e-01
-5.278311704183577146e-25
-1.362076145596802235e-03
-2.524461830034852028e-03
-3.725729426008774818e-18
-1.677981615066528320e+00
-2.011351883411407471e-01
-1.712932586669921875e+00
-1.258338211407306062e-09
1.327667713165283203e+00
-2.850370248779654503e-03
6.128541827201843262e-01
-2.341706037521362305e+00
3.595473244786262512e-02
-1.078777194023132324e+00
-1.213590204715728760e-01
-1.304786920547485352e+00
-3.961967825889587402e-01
3.281532287597656250e+00
-9.339894168078899384e-03
-3.223933577537536621e-01
-4.219100952148437500e+00
-1.242173194885253906e+00
-4.859416484832763672e+00
-1.679273009300231934e+00
-1.080203279852867126e-01
1.840427666902542114e-01
-4.223132567081305355e-18
1.139478683471679688e+00
-7.876934483647346497e-03
-1.486608996880301337e-17
9.900427460670471191e-01
-2.872554063796997070e-01
-5.537233501672744751e-02
5.710934638977050781e+00
-1.157925743609666824e-02
-4.230515041854232550e-04
-5.563679337501525879e-01
-9.250326082110404968e-03
-6.356376616167835891e-06
2.705865539610385895e-03
-2.204535901546478271e-02
-6.624754433914858964e-08
-3.375841076254745441e-16
-4.099623486399650574e-02
3.030962683260440826e-02
-2.497598715126514435e-02
-5.164936065673828125e+00
1.331225156784057617e+00
-3.552559390664100647e-02
-9.597522616386413574e-01
2.841621637344360352e-02
1.031092166900634766e+00
-2.042422966042067856e-05
-5.248824134469032288e-02
3.555706888437271118e-02
-2.385050912323549710e-08
-1.342382669448852539e+00
6.468198299407958984e-01
-3.489310026168823242e+00
-2.148739119847784679e-14
-5.161553621292114258e-02
2.630562782287597656e+00
-3.741234075278043747e-03
-4.002303626293723937e-07
-6.098970398306846619e-02
1.360680311918258667e-01
-9.800912859070365357e-11
1.188145041465759277e+00
-1.172988653182983398e+00
5.390081554651260376e-02
-1.199640387028466648e-09
-2.742265351116657257e-03
-1.341459437753655948e-06
-1.130932755768299103e-02
-8.081422448158264160e-01
-1.725613698363304138e-02
1.156221628189086914e+00
-3.017517347103648717e-10
-1.759428381919860840e+00
-1.024824619293212891e+00
-2.970150232315063477e+00
6.044671535491943359e-01
8.308224678039550781e-01
-1.601984024047851562e+00
-2.365869522094726562e+00
-9.081498980522155762e-01
-9.294523135904102083e-18
-2.093155086040496826e-01
-2.328233420848846436e-02
-6.241526454687118530e-03
-3.778881072998046875e+00
-7.984680451045278460e-06
-1.022756285965442657e-02
-1.677970285527408123e-04
-1.025642776489257812e+01
-1.502163052558898926e+00
-1.765014888169635788e-20
-2.292975317686796188e-03
-2.572146952152252197e-01
-1.023253935272805393e-05
-1.450280070304870605e+00
-7.602105140686035156e-01
-1.972967386245727539e-02
-4.708219051361083984e+00
-1.953230142593383789e+00
-5.805344581604003906e-01
1.711596012115478516e+00
-6.867401473586378669e-23
-8.865836207405664027e-07
-1.393032609485089779e-03
-5.155447125434875488e-01
-1.030332263951549976e-08
-5.356488227844238281e+00
-4.488011449575424194e-02
-2.803705334663391113e-01
-1.885099187859395897e-08
-1.263554301112890244e-02
-4.881244152784347534e-03
-2.319613933563232422e+00
7.621083259582519531e+00
-2.962874174118041992e+00
-2.531532645225524902e-01
-4.456421447684988379e-05
-3.907100776245897578e-08
-8.014789819717407227e-01
-6.721486442984314635e-07
-4.376304149627685547e-01
3.985406756401062012e-01
-7.586453109979629517e-03
-1.686809659004211426e+00
5.096171982586383820e-03
-2.744784392416477203e-02
8.248651027679443359e-01
-1.294366270303726196e-02
-3.120465436950325966e-03
2.930364131927490234e+00
-3.584961593151092529e-01
-7.378277182579040527e-01
1.075546383857727051e+00
-1.032878279685974121e+00
1.186286926269531250e+00
-1.696926541626453400e-03
1.490900158882141113e+00
-4.606326580047607422e+00
-1.171722332875269057e-12
-7.813408225774765015e-02
-1.071748882532119751e-02
-2.519574763937271200e-06
-1.034419983625411987e-02
-1.020891498774290085e-02
-1.115331172943115234e+00
-3.843404054641723633e+00
-1.906743542573028453e-18
-2.925278425216674805e+00
-5.298142480292256096e-10
-3.460877388715744019e-02
2.619759798049926758e+00
-3.439695596694946289e+00
-1.965662650763988495e-02
-2.061527455225586891e-03
-4.951101839542388916e-01
-3.961986869903096412e-15
-8.662445545196533203e-01
1.771637082099914551e+00
-9.474401515066621648e-13
-5.418341606855392456e-05
-1.495678544044494629e+00
-1.549858041107654572e-02
-1.697544217109680176e+00
-1.326035271631553769e-05
-9.426594972610473633e-01
4.154749214649200439e-02
3.058471530675888062e-02
1.114135161042213440e-01
2.587068319320678711e+00
-1.617640227777883410e-04
1.588854908943176270e+00
2.475380182266235352e+00
4.027338504791259766e+00
-4.174016416072845459e-01
-2.143500838428735733e-03
7.398644685745239258e-01
-1.610653847455978394e-01
-2.309503220021724701e-02
1.039935827255249023e+00
-6.411077002610454656e-09
-2.631868839263916016e+00
-5.436325550079345703e+00
-3.516744982334785163e-05
-8.758527785539627075e-02
-4.288898468017578125e+00
-3.521727561950683594e+00
-4.466824611881747842e-05
1.026878356933593750e+00
-2.247136116027832031e+00
-1.500390426867529026e-28
-3.785714972764253616e-03
-7.736946642398834229e-02
-1.126305818557739258e+00
-2.796819210052490234e+00
-1.256267125882004621e-07
-4.081498365849256516e-03
-8.743749260902404785e-01
-1.086272998634951747e-14
-8.655774593353271484e-02
-1.644229283556342125e-03
-2.389227867126464844e+00
-5.697274114936590195e-03
-8.368971943855285645e-01
1.825327239930629730e-02
3.456868171691894531e+00
6.290677189826965332e-02
1.411407828330993652e+00
9.086738526821136475e-02
-2.326067537069320679e-02
-8.477427036268636584e-05
-8.888808488845825195e-01
-9.329418651759624481e-03
-1.056727409362792969e+00
1.160273849964141846e-01
2.209382295608520508e+00
-3.005799055099487305e-01
-5.542924627661705017e-03
-4.438541412353515625e+00
-1.242966973222792149e-03
-1.290798425674438477e+00
2.201082944869995117e+00
-2.514151674404274672e-05
-1.719007454812526703e-02
-2.215398009866476059e-03
2.026125431060791016e+00
4.907604455947875977e-01
-6.507589132525026798e-04
-6.758945062756538391e-03
-1.791913177839887794e-07
-2.130684256553649902e-01
-3.411780670285224915e-02
-4.573316382441416222e-15
-5.500820159912109375e+00
-1.436290979385375977e+00
4.984193444252014160e-01
6.900298595428466797e-02
-1.246302008628845215e+00
-1.465001404285430908e-01
-3.608535602688789368e-02
-5.320040145306847990e-05
-1.215508076135574100e-11
-6.240901947021484375e-01
-6.287285685539245605e-02
1.965755522251129150e-01
-4.534551845125633918e-09
-9.525250643491744995e-03
-1.751168966293334961e+00
7.557848468422889709e-03
3.751388192176818848e-01
-2.355427131988108158e-04
-3.445505164563655853e-03
-2.066623926162719727e+00
-2.288684435188770294e-02
8.708044886589050293e-02
-6.231430172920227051e-01
-7.403941253869561478e-06
-3.065218925476074219e+00
-8.739741519093513489e-03
-1.350997947156429291e-03
-2.532054424285888672e+00
-4.613062858581542969e+00
-3.769989728927612305e+00
-2.473939180374145508e+00
-1.250166773796081543e+00
7.631674408912658691e-01
-3.553279384505003691e-05
-2.432784624397754669e-02
6.123602986335754395e-01
-2.456410408020019531e+00
-5.656319553963840008e-04
-1.635160110890865326e-02
-5.858858287410839694e-08
9.388740062713623047e-01
-4.067148984177038074e-05
3.814104571938514709e-02
-1.222654700279235840e+00
3.339121490716934204e-02
1.326598674058914185e-01
1.868628859519958496e+00
5.582242459058761597e-02
-5.054722428321838379e-01
-1.905399188399314880e-02
-3.107113838195800781e+00
-1.761403322219848633e+00
-6.995155476033687592e-03
-2.276429161429405212e-02
-1.876645887299854820e-11
-2.490435494109988213e-03
-4.008185896964278072e-06
-8.927145004272460938e-01
-1.052321458701044321e-04
-1.635369509458541870e-01
-2.492351271212100983e-02
-1.385005950927734375e+00
-1.165466965176165104e-03
-2.019255161285400391e+00
-1.278835177421569824e+00
-2.861498796846717596e-04
1.910619974136352539e+00
-4.054610803723335266e-02
-2.773061394691467285e-01
-1.160203610197640955e-04
1.572746038436889648e-02
-2.211244028895130171e-19
-1.100630906841604198e-26
1.005483567714691162e-01
-1.984508782625198364e-01
-6.797465682029724121e-01
-8.089857175946235657e-03
-3.901478648185729980e-02
-4.526959965005517006e-04
2.153765708208084106e-01
-4.003025963902473450e-02
-4.722291827201843262e-01
-1.013973087538033724e-05
-2.723095970935673904e-09
-2.344044685363769531e+00
-2.172497992352287045e-21
1.438799351453781128e-01
-1.646143347024917603e-01
-2.473494921262590602e-20
-1.162110328674316406e+00
1.815527796745300293e+00
-4.390602116473019123e-04
-4.082287311553955078e+00
-2.108970177188155000e-18
-3.494799852371215820e+00
-1.211140115628950298e-04
2.245865315198898315e-01
3.944164142012596130e-02
-1.981559034916837469e-24
-3.494079589843750000e+00
-2.912784740328788757e-02
1.054829001426696777e+00
-1.127723693847656250e+00
-1.637459266930818558e-03
1.542336046695709229e-01
-6.472932547330856323e-02
-1.872415781021118164e+00
2.468194484710693359e+00
-2.460038848221302032e-02
-1.106641530990600586e+00
1.254359722137451172e+00
-1.987476587295532227e+00
-4.339150905447765327e-14
-4.362318515777587891e-01
-5.414966959506273270e-03
-3.320634782769116278e-12
-3.091829299926757812e+00
-6.281679123640060425e-02
-1.150620169937610626e-03
-5.529175978153944016e-03
1.035762485116720200e-02
2.873001247644424438e-02
-2.799461126327514648e+00
2.724770456552505493e-02
-2.363862935453653336e-03
-5.166163668036460876e-03
-4.029831290245056152e-02
-2.058592081069946289e+00
-4.064960956573486328e+00
-3.562983474694192410e-04
1.684012450277805328e-02
-6.071051955223083496e-01
5.243251919746398926e-01
-6.014224290847778320e-01
-5.283054709434509277e-02
2.251173742115497589e-02
2.599744558334350586e+00
-7.578207254409790039e-01
-1.501755788922309875e-02
-2.788903474807739258e+00
-1.723136194050312042e-02
4.833031594753265381e-01
-5.280659534037113190e-04
-5.484918951988220215e-01
3.714735209941864014e-01
-4.343357563018798828e+00
-2.109960556030273438e+00
1.136689353734254837e-02
1.491697788238525391e+00
7.920381613075733185e-03
9.265137910842895508e-01
-1.172213815152645111e-02
-1.303866226226091385e-02
-2.982335805892944336e+00
-7.514980435371398926e-01
-4.245535656809806824e-02
-9.807289578020572662e-03
-7.479297346435487270e-04
-3.552669568307464942e-06
2.687100172042846680e+00
-1.880213858385104686e-06
8.711069822311401367e-02
2.823666110634803772e-02
6.404840350151062012e-01
-1.592691805535079858e-14
2.128919601440429688e+00
-8.665125966072082520e-01
2.135626316070556641e+00
4.084201902151107788e-02
-1.135442580562084913e-04
-2.165188312530517578e+00
3.273442685604095459e-01
3.575016558170318604e-02
-1.979086920619010925e-02
-1.080840453505516052e-02
-9.548162817955017090e-01
-3.606184944510459900e-02
-9.806509613990783691e-01
-7.208260439650344530e-16
3.111358404159545898e+00
-1.146569848060607910e+00
-1.411886572837829590e+00
-7.047563195228576660e-01
-5.349817872047424316e-01
-7.623946294188499451e-04
-3.550099427229724824e-05
-4.060957126128528216e-11
7.293374743312597275e-03
-1.585067033767700195e+00
-1.073904395103454590e+00
-2.828159776981920004e-04
-2.681829452514648438e+00
-4.428926389664411545e-03
-5.430211126804351807e-02
-2.116910433839352956e-13
2.598559856414794922e+00
-1.984985312446951866e-03
-5.223689079284667969e-01
-4.085829257965087891e+00
-7.553202658891677856e-02
-4.213594729662872851e-05
1.038103938102722168e+00
-2.129143923521041870e-01
-1.750440336763858795e-03
-4.260312914848327637e-01
-3.565156459808349609e-02
-2.173801422119140625e+00
-2.474204618962971836e-09
-3.021887497477866870e-25
-1.097091913223266602e+00
2.993771076202392578e+00
-1.312545828113798052e-05
-5.883501529693603516e+00
8.981540799140930176e-03
-3.362262542540217969e-18
2.115698814392089844e+00
-8.158014297485351562e+00
-3.112790624218431113e-12
-7.042511715553700924e-04
-1.114919595420360565e-02
-7.679703235626220703e-01
-1.394139885902404785e+00
-2.574059247970581055e+00
-2.266877098008990288e-03
-7.657680511474609375e-01
-7.992018945515155792e-03
-4.932158470153808594e+00
-8.744864165782928467e-02
-2.340022930980012461e-08
-4.593361169099807739e-02
-2.903491840697824955e-04
-1.947393417358398438e+00
-8.571827411651611328e-02
-9.776315651834011078e-03
-2.184961795806884766e+00
-7.515055537223815918e-01
-3.551439614966511726e-03
-5.688799619674682617e-01
1.173500120639801025e-01
9.177825599908828735e-02
-4.271575435996055603e-02
-1.331819873303174973e-02
-9.562541730701923370e-03
-1.192735910038322800e-09
-1.232192635536193848e+00
-1.820553183555603027e+00
2.627784490585327148e+00
-2.526307980588171631e-07
-5.443300120532512665e-03
1.470672011375427246e+00
9.887202978134155273e-01
-2.686347484588623047e+00
-2.308799512684345245e-02
-1.821536540985107422e+00
-3.091618776321411133e+00
-5.664377820957522403e-12
-2.863698244094848633e+00
-1.467198610305786133e+00
-1.520887732505798340e+00
-2.982631325721740723e-02
-1.762558892369270325e-02
-9.044560194015502930e-01
-2.324268102645874023e+00
2.388642549514770508e+00
1.037667870521545410e+00
-8.534700609743595123e-03
-1.349754691123962402e+00
1.262952446937561035e+00
-1.189653053879737854e-01
8.538080751895904541e-02
-2.410692349076271057e-02
-5.001891613006591797e+00
-4.928714036941528320e-02
1.771380901336669922e+00
-6.363943684846162796e-03
-1.013671420514583588e-02
-4.152093468894638785e-18
4.415593147277832031e-01
-1.670897364616394043e+00
-1.944413761258999610e-17
-4.129848908632993698e-03
-1.385093569755554199e+00
-1.536154985427856445e+00
-1.017000913619995117e+00
-7.350904345512390137e-01
-7.283517122268676758e-01
-1.259431242942810059e-03
-8.218937553465366364e-03
-2.185468702009529807e-06
-1.458367586135864258e+00
-2.219863701611757278e-03
-4.619933664798736572e-02
-3.108890295028686523e+00
-1.839473247528076172e+00
2.405791997909545898e+00
-8.746358216740190983e-04
-1.366482079029083252e-01
6.443697214126586914e-02
-1.964205741882324219e+00
-9.765049012455673250e-12
-2.161938138306140900e-02
-1.153444100054912269e-04
1.151658296585083008e+00
-1.903280429542064667e-02
-1.031112432479858398e+00
-8.015947341918945312e-01
-6.423002218980400357e-07
9.726450592279434204e-02
-2.421756029129028320e+00
-1.082770586013793945e+00
-3.219266176223754883e+00
-1.564795613288879395e+00
-2.388321627222467214e-05
-6.528508663177490234e-01
-2.443426837340297204e-15
-9.998446780302127791e-20
-6.326121091842651367e-02
-5.426298081874847412e-02
-1.445250868797302246e+00
1.349289298057556152e+00
-6.467670318670570850e-04
-1.306091551668941975e-03
-2.305035293102264404e-02
-3.495278358459472656e+00
1.139962792396545410e+00
-2.775760173797607422e+00
-5.709185823798179626e-02
1.334314346313476562e+00
-1.077523946762084961e+00
-1.353450134201887244e-25
-2.605483308434486389e-02
-7.186904549598693848e-03
-7.649667263031005859e-01
-9.954206325346603990e-05
-1.366788001178065315e-05
2.597985506057739258e+00
5.086407065391540527e-01
2.924334406852722168e-01
-3.306196635910474413e-11
-2.728840336203575134e-02
-1.973597407341003418e+00
-1.989789316243412479e-16
-1.719245221465826035e-03
-2.357424497604370117e+00
-1.200760132633149624e-03
-1.667010015808045864e-03
3.520600795745849609e+00
-1.120102405548095703e-01
-2.235276438295841217e-02
-2.252423603395470888e-27
-2.524678222835063934e-02
-1.140348649641964585e-05
3.505505993962287903e-02
2.720928668975830078e+00
-3.521608710289001465e-01
-6.394089460372924805e-01
-3.935622930526733398e+00
9.314641952514648438e-01
-5.950436927378177643e-03
-3.690199228003621101e-04
-1.874553561210632324e+00
-2.260452747344970703e+00
-2.573127276264131069e-04
-1.759753189980983734e-02
-5.335968494415283203e+00
-3.741821289062500000e+00
-1.269142679838353160e-09
-9.502559304237365723e-01
-5.136286374181509018e-03
-8.537309616804122925e-02
-5.562077760696411133e-01
-1.856749504804611206e-01
8.679651021957397461e-01
-5.319561809301376343e-03
-2.312774304300546646e-03
-7.701409049332141876e-03
-5.399379413574934006e-03
-5.144605785608291626e-02
-3.369025420397520065e-03
-1.722452230751514435e-02
-1.499770831969726714e-07
-1.234981709785643034e-06
-7.485127298423321918e-06
-1.191682741045951843e-02
-1.803403906524181366e-02
-2.139541038559400477e-06
-1.815794408321380615e-02
-2.538528680801391602e+00
1.321325893513858318e-03
-3.883534669876098633e-02
-8.305027149617671967e-03
-1.691258163191378117e-03
-1.205439213663339615e-02
-1.479449629783630371e+00
-5.817588791251182556e-02
-1.727266237139701843e-02
-1.897706747055053711e+00
-4.563713737297803164e-04
3.760381042957305908e-02
-9.600978493690490723e-01
-1.072570504634384747e-11
-2.238330198451876640e-03
-2.085733652114868164e+00
7.159370779991149902e-01
-2.381933927536010742e-01
-9.593389630317687988e-01
-1.092147082090377808e-03
-5.779740866273641586e-03
-1.891927421092987061e-02
-2.615817308425903320e+00
-1.418931293301284313e-03
-2.456004381179809570e+00
-2.790103554725646973e-01
-2.371963858604431152e-02
-8.373770862817764282e-02
-3.163154469802975655e-03
-2.995500341057777405e-03
-3.849539059991311489e-24
-1.220772974193096161e-02
-5.907613635063171387e-01
2.193053960800170898e+00
-7.494091391563415527e-01
1.437243580818176270e+00
-2.283918857574462891e-02
-1.821500539779663086e+00
2.432651758193969727e+00
1.319440364837646484e+00
-3.657320886850357056e-02
4.164778232574462891e+00
-6.180629270602366887e-07
-4.306490154704079032e-05
-7.714246865361928940e-03
-1.921833395957946777e+00
7.545116543769836426e-02
-1.054009771905839443e-03
-5.710615217685699463e-02
-3.400564193725585938e+00
-1.994030237197875977e+00
-1.180197826740778694e-18
-4.523606505244970322e-03
-6.265802221690208729e-14
-8.518616855144500732e-02
1.960213422775268555e+00
-1.824413180351257324e+00
-1.769273042678833008e+00
-7.802703767083585262e-04
-3.208519458770751953e+00
-1.112042427062988281e+00
-3.958365879952907562e-03
-9.446799755096435547e-01
-3.732841014862060547e-01
-1.918820381164550781e+00
-1.795173622667789459e-02
-3.511171579360961914e+00
-6.987795233726501465e-03
-3.914388269186019897e-02
1.561114549636840820e+00
2.681954577565193176e-02
-7.325449958443641663e-03
-4.007060080766677856e-03
-2.912817522883415222e-02
-2.172958612442016602e+00
-5.909389731023617642e-12
-3.522267215885221958e-04
-2.643527984619140625e+00
-2.592628002166748047e-01
-9.789764554568591848e-09
-1.737408518791198730e+00
-2.326460741460323334e-02
-8.372716605663299561e-02
-1.391820270146837402e-10
-4.287043268123846840e-13
-1.062866502613119589e-21
1.743162237107753754e-02
-1.853966678027063608e-04
2.300550043582916260e-01
1.357049226760864258e+00
-1.840894983615726233e-04
1.341614872217178345e-02
-2.897539377212524414e+00
1.459581498056650162e-02
-9.814627181804731174e-39
-2.221174724400043488e-02
1.524276494979858398e+00
-7.281060476760359279e-11
-4.840763568878173828e+00
6.566242128610610962e-02
-3.640472412109375000e+00
-5.793235224871295941e-09
-5.333591103553771973e-01
-7.565657142549753189e-05
5.548059474676847458e-03
-2.063394151628017426e-02
-9.662324190139770508e-01
-6.831714417785406113e-04
-9.670510614512295433e-09
-5.352526002652778450e-22
-4.350066184997558594e+00
-5.483551672436941444e-17
1.110041961073875427e-01
-1.707328250631690025e-03
-6.871083751320838928e-03
-2.664139032363891602e+00
-4.552961289882659912e-01
-7.291350513696670532e-02
6.713334918022155762e-01
-1.128691993653774261e-02
-4.799105599522590637e-02
-3.909590467810630798e-02
7.113426178693771362e-02
-2.317393198609352112e-02
-4.192097112536430359e-03
-1.124617555470355324e-17
-4.024012684822082520e-01
-3.960807919502258301e-01
-6.140914143533291303e-24
-1.838430645875632763e-03
2.123682737350463867e+00
2.243396759033203125e+00
-1.659837365150451660e-01
2.697189748287200928e-01
-2.975228638219147570e-16
-6.720663470183296795e-10
-2.143426192920042102e-24
-1.753029972314834595e-02
1.216651871800422668e-01
-4.038407932966947556e-03
-5.266902595758438110e-02
-4.294107784517109394e-04
-1.762767897272075237e-19
-4.449934959411621094e+00
-1.786631532013416290e-02
-2.629472732543945312e+00
-2.213845029473304749e-03
-7.783580105751752853e-03
-8.573117665946483612e-03
-1.119476626627147198e-03
-1.021013379096984863e+00
-1.755024433135986328e+00
-1.488391280174255371e+00
1.254398941993713379e+00
-3.828248500823974609e+00
-6.516980356536805630e-04
-9.441145658493041992e-01
-8.127409219741821289e-02
-1.378013640642166138e-01
3.493291854858398438e+00
-1.471338327974081039e-03
-1.669348597526550293e+00
-1.122314984058903065e-06
1.860516369342803955e-01
-1.632516741752624512e+00
-1.512476921081542969e+00
1.805392466485500336e-02
4.947892129421234131e-01
-7.156992554664611816e-01
-3.935099113732576370e-03
-1.036685146391391754e-02
-3.424237249419093132e-03
-3.309483936897450462e-11
-4.277593642473220825e-02
-2.777038898784667253e-04
-6.056500077247619629e-01
1.162232831120491028e-01
-4.166090011596679688e+00
2.333008766174316406e+00
-3.395625576376914978e-02
-1.181339938193559647e-02
-8.521290421485900879e-01
-1.361640822142362595e-02
-1.598258502781391144e-02
-3.274755319580435753e-03
9.466118365526199341e-02
-2.444359779357910156e+00
-8.730335235595703125e-01
-2.602266073226928711e-01
-5.516962613910436630e-03
-7.013699505478143692e-03
-7.280351966619491577e-02
6.878634095191955566e-01
-1.133308649063110352e+00
2.356846183538436890e-01
5.124230861663818359e+00
-1.670073032379150391e+00
-2.010148763656616211e-02
-2.673804387450218201e-02
-1.162613755267827287e-11
-1.598651288077235222e-03
-4.297061443328857422e+00
-2.894822694361209869e-02
-3.997066989541053772e-02
-2.350629540160298347e-03
-2.783946401905268431e-04
-5.090571939945220947e-02
3.786664605140686035e-01
-6.330665666610002518e-03
-4.233024083077907562e-03
-4.149924278259277344e+00
7.207372784614562988e-02
-3.722204100498061052e-09
-1.269976724870502949e-03
-4.066108725965023041e-03
-2.818717956542968750e+00
-3.310316475108265877e-03
-9.778222220672101756e-20
-2.412435598671436310e-02
9.728530049324035645e-01
-3.281685352325439453e+00
-2.655783295631408691e-01
-4.077799797058105469e+00
-1.752567648887634277e+00
-6.036522984504699707e-02
4.156598567962646484e+00
7.940983027219772339e-02
3.779882192611694336e+00
-3.305571377277374268e-01
-1.336226582527160645e+00
-8.415428055741358548e-06
-6.718344769396367155e-10
-1.223349384963512421e-02
2.086517333984375000e+00
-1.928163133561611176e-02
5.621569156646728516e-01
-1.989553868770599365e-02
-1.659725047647953033e-02
-6.359060758578645700e-26
-3.776303492486476898e-05
6.411829590797424316e-01
-5.161556601524353027e-01
3.044536150991916656e-02
-1.689643412828445435e-01
-2.731865644454956055e+00
-2.450626507277675614e-13
-2.167046113754622638e-05
-1.430949091911315918e+00
-1.646378159523010254e+00
-5.197416990995407104e-03
5.180757120251655579e-02
3.024656772613525391e-01
1.014906883239746094e+00
-5.089676007628440857e-03
1.300099026411771774e-02
8.081749677658081055e-01
-5.482854896169854454e-39
-2.728818416595458984e+00
2.334371581673622131e-02
-7.084400653839111328e-01
-1.956301741302013397e-02
4.463652614504098892e-03
1.376326531171798706e-01
-5.397729277610778809e-01
-5.452716141007840633e-04
3.069077491760253906e+00
-3.690725861815735698e-06
-1.325889571746063922e-11
-3.459810977801680565e-05
-3.517632372677326202e-03
-2.946392059326171875e+00
-8.999891281127929688e+00
-1.212084770202636719e+00
-2.041720726992934942e-04
4.084442853927612305e-01
-1.265703320503234863e+00
-1.297650575637817383e+00
-9.306175112724304199e-01
-2.755067646503448486e-01
-7.602176629006862640e-04
-1.577187238508812681e-18
-1.665006019175052643e-02
-4.166631842963397503e-04
-1.420282387698534876e-06
-7.319795340299606323e-02
-4.443278384114179858e-11
-2.250634878873825073e-02
1.281912803649902344e+00
4.893303811550140381e-01
-8.547968463972210884e-04
1.187120199203491211e+00
-4.483051300048828125e+00
-1.301585324108600616e-02
2.706014871597290039e+00
-1.340290909865871072e-04
-2.260757340771998771e-23
1.960316777229309082e+00
