107.0
107.0
107.0
133.0
107.0
107.0
107.0
116.0
107.0
107.0
107.0
107.0
107.0
107.0
107.0
115.0
107.0
107.0
107.0
107.0
107.0
107.0
107.0
107.0
116.0
107.0
116.0
107.0
107.0
107.0
107.0
107.0
107.0
107.0
119.0
133.0
107.0
107.0
107.0
116.0
107.0
109.0
107.0
107.0
107.0
107.0
107.0
115.0
107.0
110.0
110.0
107.0
107.0
107.0
107.0
107.0
116.0
107.0
117.0
107.0
107.0
107.0
107.0
107.0
107.0
107.0
107.0
133.0
107.0
107.0
107.0
116.0
107.0
107.0
107.0
107.0
107.0
107.0
107.0
115.0
107.0
107.0
107.0
107.0
107.0
107.0
107.0
107.0
116.0
107.0
116.0
107.0
107.0
107.0
107.0
107.0
107.0
107.0
107.0
133.0
107.0
107.0
107.0
116.0
107.0
107.0
107.0
107.0
107.0
107.0
107.0
115.0
107.0
107.0
107.0
107.0
107.0
107.0
107.0
107.0
116.0
107.0
116.0
107.0
107.0
107.0
107.0
107.0
107.0
107.0
107.0
133.0
107.0
107.0
107.0
116.0
107.0
107.0
107.0
107.0
107.0
107.0
107.0
115.0
107.0
107.0
107.0
107.0
107.0
107.0
107.0
107.0
116.0
107.0
116.0
107.0
107.0
107.0
107.0
107.0
156.0
117.0
148.0
133.0
170.0
108.0
161.0
116.0
129.0
111.0
124.0
130.0
110.0
114.0
116.0
115.0
107.0
159.0
116.0
134.0
107.0
114.0
114.0
156.0
116.0
116.0
118.0
107.0
131.0
113.0
107.0
113.0
172.0
109.0
139.0
133.0
164.0
117.0
162.0
134.0
139.0
117.0
115.0
125.0
109.0
122.0
109.0
122.0
121.0
164.0
119.0
143.0
144.0
111.0
132.0
153.0
119.0
134.0
119.0
128.0
124.0
112.0
136.0
143.0
107.0
107.0
107.0
133.0
107.0
107.0
107.0
116.0
107.0
107.0
107.0
107.0
107.0
107.0
107.0
115.0
107.0
107.0
107.0
107.0
107.0
107.0
107.0
107.0
116.0
107.0
107.0
107.0
107.0
107.0
107.0
107.0
107.0
107.0
107.0
133.0
107.0
109.0
107.0
116.0
107.0
115.0
107.0
107.0
107.0
107.0
109.0
115.0
107.0
107.0
107.0
107.0
107.0
107.0
107.0
107.0
116.0
107.0
116.0
107.0
107.0
107.0
107.0
107.0
162.0
160.0
168.0
133.0
172.0
126.0
129.0
126.0
129.0
125.0
126.0
146.0
123.0
123.0
114.0
119.0
117.0
153.0
115.0
144.0
127.0
135.0
115.0
146.0
121.0
134.0
126.0
118.0
126.0
134.0
116.0
122.0
132.0
116.0
139.0
133.0
160.0
112.0
123.0
128.0
128.0
132.0
118.0
127.0
107.0
115.0
113.0
124.0
121.0
156.0
116.0
152.0
137.0
114.0
125.0
130.0
122.0
131.0
117.0
125.0
111.0
109.0
139.0
141.0
107.0
107.0
107.0
133.0
107.0
107.0
107.0
116.0
107.0
107.0
107.0
107.0
107.0
107.0
107.0
115.0
107.0
107.0
107.0
107.0
107.0
107.0
107.0
107.0
116.0
107.0
116.0
107.0
107.0
107.0
107.0
107.0
107.0
107.0
107.0
133.0
107.0
107.0
107.0
116.0
107.0
107.0
107.0
107.0
107.0
107.0
107.0
115.0
107.0
107.0
107.0
107.0
107.0
107.0
107.0
107.0
116.0
107.0
116.0
107.0
107.0
107.0
107.0
107.0
107.0
107.0
107.0
133.0
107.0
110.0
107.0
116.0
107.0
116.0
107.0
107.0
107.0
107.0
107.0
115.0
107.0
107.0
107.0
107.0
107.0
107.0
107.0
107.0
116.0
107.0
116.0
107.0
107.0
107.0
107.0
107.0
107.0
107.0
107.0
133.0
107.0
107.0
107.0
116.0
107.0
107.0
107.0
107.0
107.0
107.0
107.0
115.0
107.0
107.0
107.0
107.0
107.0
107.0
107.0
107.0
116.0
107.0
116.0
107.0
107.0
107.0
107.0
107.0
107.0
107.0
107.0
133.0
107.0
107.0
107.0
116.0
107.0
107.0
107.0
107.0
107.0
107.0
107.0
115.0
107.0
107.0
107.0
107.0
107.0
107.0
107.0
107.0
116.0
107.0
116.0
107.0
107.0
107.0
107.0
107.0
