107.0
107.0
107.0
133.0
107.0
107.0
107.0
116.0
107.0
107.0
107.0
107.0
107.0
107.0
107.0
115.0
107.0
107.0
107.0
107.0
107.0
107.0
107.0
107.0
116.0
107.0
107.0
107.0
107.0
107.0
107.0
107.0
107.0
107.0
107.0
107.0
107.0
107.0
107.0
107.0
107.0
107.0
107.0
107.0
107.0
107.0
107.0
107.0
107.0
107.0
107.0
107.0
107.0
107.0
107.0
107.0
107.0
107.0
107.0
107.0
107.0
107.0
107.0
107.0
107.0
107.0
107.0
107.0
107.0
107.0
107.0
107.0
107.0
107.0
107.0
107.0
107.0
107.0
107.0
107.0
107.0
107.0
107.0
107.0
107.0
107.0
107.0
107.0
107.0
107.0
107.0
107.0
107.0
107.0
107.0
107.0
107.0
107.0
107.0
133.0
107.0
107.0
107.0
116.0
107.0
107.0
107.0
107.0
107.0
107.0
107.0
115.0
107.0
107.0
107.0
107.0
107.0
107.0
107.0
107.0
116.0
107.0
107.0
107.0
107.0
107.0
107.0
107.0
107.0
107.0
107.0
133.0
107.0
107.0
107.0
116.0
107.0
107.0
107.0
107.0
107.0
107.0
107.0
115.0
107.0
107.0
107.0
107.0
107.0
107.0
107.0
107.0
116.0
107.0
107.0
107.0
107.0
107.0
107.0
107.0
156.0
107.0
120.0
133.0
142.0
107.0
137.0
116.0
107.0
107.0
111.0
130.0
110.0
114.0
107.0
112.0
107.0
110.0
107.0
109.0
107.0
107.0
107.0
156.0
116.0
107.0
109.0
107.0
107.0
107.0
107.0
107.0
110.0
107.0
116.0
133.0
107.0
117.0
117.0
129.0
139.0
117.0
107.0
124.0
107.0
111.0
107.0
122.0
121.0
107.0
116.0
128.0
144.0
109.0
132.0
108.0
116.0
129.0
116.0
128.0
118.0
112.0
136.0
143.0
107.0
107.0
107.0
107.0
107.0
107.0
107.0
107.0
107.0
107.0
107.0
107.0
107.0
107.0
107.0
107.0
107.0
107.0
107.0
107.0
107.0
107.0
107.0
107.0
107.0
107.0
107.0
107.0
107.0
107.0
107.0
107.0
107.0
107.0
107.0
133.0
107.0
107.0
107.0
116.0
107.0
107.0
107.0
107.0
107.0
107.0
107.0
115.0
107.0
107.0
107.0
107.0
107.0
107.0
107.0
107.0
116.0
107.0
107.0
107.0
107.0
107.0
107.0
107.0
154.0
141.0
132.0
133.0
151.0
114.0
119.0
117.0
129.0
109.0
114.0
146.0
107.0
123.0
114.0
115.0
112.0
141.0
111.0
107.0
116.0
119.0
115.0
146.0
116.0
120.0
124.0
116.0
110.0
113.0
107.0
113.0
107.0
107.0
110.0
133.0
107.0
108.0
107.0
116.0
128.0
110.0
107.0
107.0
107.0
107.0
107.0
117.0
121.0
107.0
111.0
107.0
130.0
107.0
125.0
107.0
116.0
118.0
116.0
121.0
107.0
107.0
107.0
141.0
107.0
107.0
107.0
133.0
107.0
107.0
107.0
116.0
107.0
107.0
107.0
107.0
107.0
107.0
107.0
115.0
107.0
107.0
107.0
107.0
107.0
107.0
107.0
107.0
116.0
107.0
116.0
107.0
107.0
107.0
107.0
107.0
107.0
107.0
107.0
133.0
107.0
107.0
107.0
116.0
107.0
107.0
107.0
107.0
107.0
107.0
107.0
115.0
107.0
107.0
107.0
107.0
107.0
107.0
107.0
107.0
116.0
107.0
107.0
107.0
107.0
107.0
107.0
107.0
107.0
107.0
107.0
122.0
107.0
107.0
107.0
108.0
107.0
116.0
107.0
107.0
107.0
107.0
107.0
113.0
107.0
107.0
107.0
107.0
107.0
107.0
107.0
107.0
107.0
107.0
111.0
107.0
107.0
107.0
107.0
107.0
107.0
107.0
107.0
133.0
107.0
107.0
107.0
116.0
107.0
107.0
107.0
107.0
107.0
107.0
107.0
115.0
107.0
107.0
107.0
107.0
107.0
107.0
107.0
107.0
116.0
107.0
107.0
107.0
107.0
107.0
107.0
107.0
107.0
107.0
107.0
107.0
107.0
107.0
107.0
107.0
107.0
107.0
107.0
107.0
107.0
107.0
107.0
107.0
107.0
107.0
107.0
107.0
107.0
107.0
107.0
107.0
107.0
107.0
107.0
107.0
107.0
107.0
107.0
107.0

107.0
107.0
107.0
133.0
107.0
107.0
107.0
116.0
107.0
107.0
107.0
107.0
107.0
107.0
107.0
115.0
107.0
107.0
107.0
107.0
107.0
107.0
107.0
107.0
116.0
107.0
107.0
107.0
107.0
107.0
107.0
107.0
107.0
107.0
107.0
107.0
107.0
107.0
107.0
107.0
107.0
107.0
107.0
107.0
107.0
107.0
107.0
107.0
107.0
107.0
107.0
107.0
107.0
107.0
107.0
107.0
107.0
107.0
107.0
107.0
107.0
107.0
107.0
107.0
107.0
107.0
107.0
107.0
107.0
107.0
107.0
107.0
107.0
107.0
107.0
107.0
107.0
107.0
107.0
107.0
107.0
107.0
107.0
107.0
107.0
107.0
107.0
107.0
107.0
107.0
107.0
107.0
107.0
107.0
107.0
107.0
107.0
107.0
107.0
107.0
107.0
107.0
107.0
107.0
107.0
107.0
107.0
107.0
107.0
107.0
107.0
107.0
107.0
107.0
107.0
107.0
107.0
107.0
107.0
107.0
107.0
107.0
116.0
107.0
107.0
107.0
107.0
107.0
107.0
107.0
107.0
107.0
107.0
107.0
107.0
107.0
107.0
107.0
107.0
107.0
107.0
107.0
107.0
107.0
107.0
107.0
107.0
107.0
107.0
107.0
107.0
107.0
107.0
107.0
116.0
107.0
107.0
107.0
107.0
107.0
129.0
107.0
131.0
107.0
138.0
107.0
107.0
114.0
129.0
109.0
124.0
124.0
107.0
107.0
107.0
107.0
107.0
139.0
116.0
134.0
107.0
112.0
107.0
128.0
107.0
116.0
112.0
107.0
107.0
110.0
107.0
107.0
165.0
107.0
120.0
133.0
143.0
107.0
141.0
129.0
139.0
115.0
111.0
125.0
108.0
122.0
107.0
115.0
113.0
148.0
114.0
109.0
135.0
107.0
126.0
153.0
117.0
119.0
117.0
108.0
108.0
111.0
111.0
133.0
107.0
107.0
107.0
133.0
107.0
107.0
107.0
116.0
107.0
107.0
107.0
107.0
107.0
107.0
107.0
115.0
107.0
107.0
107.0
107.0
107.0
107.0
107.0
107.0
116.0
107.0
107.0
107.0
107.0
107.0
107.0
107.0
107.0
107.0
107.0
107.0
107.0
107.0
107.0
107.0
107.0
107.0
107.0
107.0
107.0
107.0
107.0
107.0
107.0
107.0
107.0
107.0
107.0
107.0
107.0
107.0
107.0
107.0
116.0
107.0
107.0
107.0
107.0
107.0
154.0
159.0
136.0
133.0
151.0
126.0
126.0
126.0
119.0
115.0
126.0
146.0
114.0
123.0
114.0
119.0
113.0
133.0
115.0
144.0
107.0
132.0
107.0
146.0
116.0
134.0
126.0
118.0
122.0
120.0
115.0
107.0
129.0
107.0
124.0
133.0
152.0
112.0
117.0
128.0
114.0
110.0
107.0
127.0
107.0
115.0
107.0
124.0
109.0
114.0
116.0
152.0
137.0
107.0
121.0
130.0
117.0
131.0
112.0
125.0
108.0
108.0
131.0
136.0
107.0
107.0
107.0
107.0
107.0
107.0
107.0
107.0
107.0
107.0
107.0
107.0
107.0
107.0
107.0
107.0
107.0
107.0
107.0
107.0
107.0
107.0
107.0
107.0
107.0
107.0
116.0
107.0
107.0
107.0
107.0
107.0
107.0
107.0
107.0
107.0
107.0
107.0
107.0
107.0
107.0
107.0
107.0
107.0
107.0
107.0
107.0
107.0
107.0
107.0
107.0
107.0
107.0
107.0
107.0
107.0
107.0
107.0
107.0
107.0
107.0
107.0
107.0
107.0
107.0
107.0
107.0
133.0
107.0
110.0
107.0
116.0
107.0
113.0
107.0
107.0
107.0
107.0
107.0
115.0
107.0
107.0
107.0
107.0
107.0
107.0
107.0
107.0
116.0
107.0
116.0
107.0
107.0
107.0
107.0
107.0
107.0
107.0
107.0
107.0
107.0
107.0
107.0
107.0
107.0
107.0
107.0
107.0
107.0
107.0
107.0
107.0
107.0
107.0
107.0
107.0
107.0
107.0
107.0
107.0
107.0
107.0
107.0
107.0
107.0
107.0
107.0
107.0
107.0
107.0
107.0
107.0
107.0
107.0
107.0
107.0
107.0
107.0
107.0
107.0
107.0
107.0
107.0
107.0
107.0
107.0
107.0
107.0
107.0
107.0
107.0
107.0
107.0
107.0
107.0
107.0
107.0
107.0
107.0
107.0

107.0
107.0
107.0
107.0
107.0
107.0
107.0
107.0
107.0
107.0
107.0
107.0
107.0
107.0
107.0
107.0
107.0
107.0
107.0
107.0
107.0
107.0
107.0
107.0
107.0
107.0
107.0
107.0
107.0
107.0
107.0
107.0
107.0
107.0
119.0
107.0
107.0
107.0
107.0
107.0
107.0
109.0
107.0
107.0
107.0
107.0
107.0
107.0
107.0
110.0
110.0
107.0
107.0
107.0
107.0
107.0
107.0
107.0
117.0
107.0
107.0
107.0
107.0
107.0
107.0
107.0
107.0
133.0
107.0
107.0
107.0
116.0
107.0
107.0
107.0
107.0
107.0
107.0
107.0
115.0
107.0
107.0
107.0
107.0
107.0
107.0
107.0
107.0
116.0
107.0
116.0
107.0
107.0
107.0
107.0
107.0
107.0
107.0
107.0
107.0
107.0
107.0
107.0
107.0
107.0
107.0
107.0
107.0
107.0
107.0
107.0
107.0
107.0
107.0
107.0
107.0
107.0
107.0
107.0
107.0
107.0
107.0
116.0
107.0
107.0
107.0
107.0
107.0
107.0
107.0
107.0
133.0
107.0
107.0
107.0
116.0
107.0
107.0
107.0
107.0
107.0
107.0
107.0
115.0
107.0
107.0
107.0
107.0
107.0
107.0
107.0
107.0
116.0
107.0
116.0
107.0
107.0
107.0
107.0
107.0
156.0
107.0
146.0
107.0
163.0
108.0
147.0
115.0
128.0
111.0
113.0
122.0
107.0
111.0
116.0
107.0
107.0
159.0
113.0
107.0
107.0
114.0
114.0
141.0
107.0
107.0
116.0
107.0
115.0
107.0
107.0
113.0
166.0
107.0
121.0
133.0
162.0
108.0
146.0
121.0
116.0
115.0
115.0
115.0
107.0
109.0
109.0
120.0
107.0
164.0
114.0
110.0
108.0
111.0
107.0
138.0
119.0
108.0
119.0
117.0
107.0
108.0
110.0
122.0
107.0
107.0
107.0
133.0
107.0
107.0
107.0
116.0
107.0
107.0
107.0
107.0
107.0
107.0
107.0
115.0
107.0
107.0
107.0
107.0
107.0
107.0
107.0
107.0
116.0
107.0
107.0
107.0
107.0
107.0
107.0
107.0
107.0
107.0
107.0
133.0
107.0
107.0
107.0
116.0
107.0
107.0
107.0
107.0
107.0
107.0
107.0
115.0
107.0
107.0
107.0
107.0
107.0
107.0
107.0
107.0
116.0
107.0
116.0
107.0
107.0
107.0
107.0
107.0
162.0
142.0
166.0
133.0
172.0
121.0
129.0
121.0
126.0
125.0
122.0
128.0
123.0
122.0
107.0
115.0
107.0
153.0
111.0
127.0
113.0
119.0
107.0
142.0
121.0
116.0
120.0
108.0
110.0
119.0
115.0
111.0
122.0
107.0
133.0
133.0
120.0
109.0
118.0
127.0
120.0
132.0
118.0
116.0
107.0
111.0
113.0
116.0
107.0
124.0
115.0
148.0
120.0
114.0
122.0
108.0
118.0
115.0
117.0
111.0
109.0
107.0
114.0
132.0
107.0
107.0
107.0
133.0
107.0
107.0
107.0
116.0
107.0
107.0
107.0
107.0
107.0
107.0
107.0
115.0
107.0
107.0
107.0
107.0
107.0
107.0
107.0
107.0
116.0
107.0
107.0
107.0
107.0
107.0
107.0
107.0
107.0
107.0
107.0
107.0
107.0
107.0
107.0
107.0
107.0
107.0
107.0
107.0
107.0
107.0
107.0
107.0
107.0
107.0
107.0
107.0
107.0
107.0
107.0
107.0
107.0
107.0
107.0
107.0
107.0
107.0
107.0
107.0
107.0
107.0
107.0
107.0
107.0
107.0
107.0
107.0
107.0
107.0
107.0
107.0
107.0
107.0
107.0
107.0
107.0
107.0
107.0
107.0
107.0
107.0
107.0
107.0
107.0
107.0
116.0
107.0
107.0
107.0
107.0
107.0
107.0
107.0
107.0
107.0
107.0
107.0
107.0
107.0
107.0
107.0
107.0
107.0
107.0
107.0
107.0
107.0
107.0
107.0
107.0
107.0
107.0
107.0
107.0
107.0
107.0
107.0
116.0
107.0
107.0
107.0
107.0
107.0
107.0
107.0
107.0
107.0
107.0
107.0
107.0
107.0
107.0
107.0
107.0
107.0
107.0
107.0
107.0
107.0
107.0
107.0
107.0
107.0
107.0
107.0
107.0
107.0
107.0
107.0
116.0
107.0
107.0
107.0
107.0
107.0

107.0
107.0
107.0
133.0
107.0
107.0
107.0
116.0
107.0
107.0
107.0
107.0
107.0
107.0
107.0
115.0
107.0
107.0
107.0
107.0
107.0
107.0
107.0
107.0
116.0
107.0
116.0
107.0
107.0
107.0
107.0
107.0
107.0
107.0
107.0
133.0
107.0
107.0
107.0
116.0
107.0
107.0
107.0
107.0
107.0
107.0
107.0
115.0
107.0
107.0
107.0
107.0
107.0
107.0
107.0
107.0
116.0
107.0
107.0
107.0
107.0
107.0
107.0
107.0
107.0
107.0
107.0
133.0
107.0
107.0
107.0
116.0
107.0
107.0
107.0
107.0
107.0
107.0
107.0
115.0
107.0
107.0
107.0
107.0
107.0
107.0
107.0
107.0
116.0
107.0
107.0
107.0
107.0
107.0
107.0
107.0
107.0
107.0
107.0
107.0
107.0
107.0
107.0
107.0
107.0
107.0
107.0
107.0
107.0
107.0
107.0
107.0
107.0
107.0
107.0
107.0
107.0
107.0
107.0
107.0
107.0
107.0
107.0
107.0
107.0
107.0
107.0
107.0
107.0
107.0
107.0
133.0
107.0
107.0
107.0
116.0
107.0
107.0
107.0
107.0
107.0
107.0
107.0
115.0
107.0
107.0
107.0
107.0
107.0
107.0
107.0
107.0
116.0
107.0
107.0
107.0
107.0
107.0
107.0
107.0
155.0
117.0
148.0
133.0
170.0
107.0
161.0
116.0
121.0
107.0
107.0
125.0
107.0
108.0
109.0
115.0
107.0
154.0
115.0
107.0
107.0
107.0
109.0
147.0
116.0
107.0
118.0
107.0
131.0
113.0
107.0
108.0
172.0
109.0
139.0
133.0
164.0
107.0
162.0
134.0
131.0
107.0
111.0
112.0
109.0
114.0
107.0
115.0
118.0
159.0
119.0
143.0
123.0
107.0
110.0
144.0
118.0
134.0
116.0
107.0
124.0
107.0
120.0
126.0
107.0
107.0
107.0
107.0
107.0
107.0
107.0
107.0
107.0
107.0
107.0
107.0
107.0
107.0
107.0
107.0
107.0
107.0
107.0
107.0
107.0
107.0
107.0
107.0
107.0
107.0
107.0
107.0
107.0
107.0
107.0
107.0
107.0
107.0
107.0
107.0
107.0
109.0
107.0
107.0
107.0
115.0
107.0
107.0
107.0
107.0
109.0
107.0
107.0
107.0
107.0
107.0
107.0
107.0
107.0
107.0
107.0
107.0
116.0
107.0
107.0
107.0
107.0
107.0
143.0
160.0
168.0
133.0
170.0
112.0
123.0
121.0
118.0
117.0
110.0
141.0
114.0
113.0
107.0
115.0
117.0
153.0
111.0
139.0
127.0
135.0
115.0
137.0
117.0
107.0
116.0
107.0
126.0
134.0
116.0
122.0
132.0
116.0
139.0
133.0
160.0
108.0
123.0
127.0
113.0
111.0
107.0
107.0
107.0
107.0
107.0
117.0
113.0
156.0
114.0
143.0
110.0
107.0
114.0
114.0
122.0
108.0
107.0
112.0
111.0
109.0
139.0
132.0
107.0
107.0
107.0
133.0
107.0
107.0
107.0
116.0
107.0
107.0
107.0
107.0
107.0
107.0
107.0
115.0
107.0
107.0
107.0
107.0
107.0
107.0
107.0
107.0
116.0
107.0
107.0
107.0
107.0
107.0
107.0
107.0
107.0
107.0
107.0
107.0
107.0
107.0
107.0
107.0
107.0
107.0
107.0
107.0
107.0
107.0
107.0
107.0
107.0
107.0
107.0
107.0
107.0
107.0
107.0
107.0
107.0
107.0
116.0
107.0
107.0
107.0
107.0
107.0
107.0
107.0
107.0
107.0
107.0
107.0
107.0
107.0
107.0
107.0
107.0
107.0
107.0
107.0
107.0
107.0
107.0
107.0
107.0
107.0
107.0
107.0
107.0
107.0
107.0
107.0
116.0
107.0
107.0
107.0
107.0
107.0
107.0
107.0
107.0
107.0
107.0
107.0
107.0
107.0
107.0
107.0
107.0
107.0
107.0
107.0
107.0
107.0
107.0
107.0
107.0
107.0
107.0
107.0
107.0
107.0
107.0
107.0
107.0
107.0
107.0
107.0
107.0
107.0
107.0
107.0
107.0
133.0
107.0
107.0
107.0
116.0
107.0
107.0
107.0
107.0
107.0
107.0
107.0
115.0
107.0
107.0
107.0
107.0
107.0
107.0
107.0
107.0
116.0
107.0
107.0
107.0
107.0
107.0
107.0
107.0
