Input scale (32 bit):
 111153232
Input zero point:
 122
Weight scale (32 bit):
 57146440
Weight zero point:
 136
Output scale (32 bit):
 214965040
Output zero point:
 107
M Scales (32 bit):
 29549044
Weight (8 bit):
weights_conv[0] = {-18, -19, -7, -23, 31, -23, 0, -15, 19, 32, -7, -25, -10, -10, 36, -14, 38, 39};
weights_conv[1] = {36, 79, -20, 4, -39, -23, -11, -11, 27, -18, 47, 29, 27, 1, -1, 17, 18, 15};
weights_conv[2] = {-44, -101, 37, 10, 13, -29, -4, -12, -47, 14, 45, 31, -40, 6, 12, -6, 1, -23};
weights_conv[3] = {24, -15, 2, 18, 23, 13, -27, -28, 24, 8, 2, -26, -28, 21, -22, -27, -16, 1};
weights_conv[4] = {1, -4, 46, -11, -10, -4, -17, 29, -18, -1, 16, 22, 1, 1, -30, 21, -23, -7};
weights_conv[5] = {-18, -13, 5, -21, 9, -33, -6, -15, 19, -8, 35, -44, -20, 18, 19, -35, -14, 3};
weights_conv[6] = {36, -21, -44, 43, -25, 43, 45, -27, 48, -2, -16, 54, -41, -39, 36, 32, -15, 31};
weights_conv[7] = {-43, 85, 16, 2, 3, -31, -43, 51, 13, 4, -12, -25, 29, -29, 21, -8, 33, -18};
weights_conv[8] = {-16, -21, -20, 16, -18, 4, -32, 17, 5, -23, -58, -32, 30, 37, 39, -11, 35, 20};
weights_conv[9] = {-13, -2, 27, 7, -7, -10, 3, -13, -24, -16, -14, 10, -9, 10, -21, -25, 3, -19};
weights_conv[10] = {-5, 21, 32, 14, 18, -52, -57, 53, -49, -20, 39, 11, 4, 53, -6, -21, -8, -48};
weights_conv[11] = {-17, -16, 20, 30, -5, 14, 22, -7, -19, 23, 19, 23, -7, -22, 16, 21, 21, 5};
weights_conv[12] = {-45, -25, -8, 32, 6, 6, -28, -3, -17, -12, 23, 28, -4, -4, -17, 7, 9, -34};
weights_conv[13] = {-33, 56, 28, 7, -2, 65, 103, -23, -32, 85, 39, 83, 117, -19, -36, -34, 17, -93};
weights_conv[14] = {-52, -32, -23, 25, 35, -46, -25, -11, -13, -40, -35, 57, -5, -27, 43, -4, 0, 75};
weights_conv[15] = {19, 25, -16, -9, -20, 10, 12, 15, -8, -21, 14, -23, -14, -15, 0, -9, -9, -21};
weights_conv[16] = {2, -39, -1, 44, 14, 15, 27, 34, 0, 3, -12, 12, 33, 14, -2, -52, -1, -44};
weights_conv[17] = {-34, -3, -35, -18, -4, -10, -8, 10, -10, -36, -1, -34, 26, -3, -6, 9, 11, 10};
weights_conv[18] = {37, -15, -16, 20, -12, 4, -17, -15, -28, -1, -1, 0, -18, 7, -17, 11, 3, 7};
weights_conv[19] = {-8, -8, -31, 12, -47, 32, -17, 41, -47, -47, -37, -43, 30, 45, 34, -26, 22, -6};
weights_conv[20] = {-66, 90, 12, 9, -48, -20, -10, 12, 22, -50, 25, -9, -20, 18, 53, 4, -60, -25};
weights_conv[21] = {4, -35, 27, -17, 15, 37, 37, -20, -45, -25, 5, -19, 7, 50, -21, -26, -18, 46};
weights_conv[22] = {36, 18, -11, -20, -13, -32, -10, -53, -1, -17, 24, -17, 7, -10, 2, 41, 43, 48};
weights_conv[23] = {47, -32, 7, -28, 50, 16, 19, 0, 17, 21, 17, -12, 2, 4, -24, -1, 13, 4};
weights_conv[24] = {-68, -75, 3, 15, 49, 9, 61, -9, 22, -6, -43, 9, -2, -33, 25, 43, -10, -20};
weights_conv[25] = {-22, 14, 47, -27, 3, 9, -27, -14, 22, -38, 30, 15, 38, 4, -42, 46, -37, 13};
weights_conv[26] = {25, 5, 15, -32, 28, 26, 34, -42, 17, 48, -48, -2, -31, -22, -10, 38, -1, 22};
weights_conv[27] = {8, 30, 3, -10, 2, -9, -9, -15, 10, -20, 22, -24, 18, 13, 11, -10, 21, -21};
weights_conv[28] = {30, 58, 36, -12, 25, -24, -31, 18, -46, -11, -20, -62, -16, -20, -15, 61, 4, 34};
weights_conv[29] = {1, 45, 15, 20, 1, 9, -16, -32, 34, -14, -14, -17, -8, -1, -6, -23, -15, -18};
weights_conv[30] = {-17, 35, 10, 15, -33, 7, -39, 18, -4, -29, -12, 0, -16, 9, 14, -1, 14, 11};
weights_conv[31] = {34, -134, 13, 18, -31, -13, -17, -3, 32, -26, 4, -53, -19, 48, 5, -8, -2, 18};

Bias (8 bit):
bias_conv = {929, 1743, 2221, 2056, 515, -1192, -1903, -2679, -3067, -223, -1490, 2435, 3177, 1521, 2254, -1318, 2879, 561, -7815, 954, -4603, 1708, 2769, 108, 96, -2481, 2175, -1118, 1612, -477, -2206, -1721};
Input range (8 bit):
 [-3, -2, -1, 0, 1, 2, 3]
Output range (8 bit):
 [-116, -77, -39, 0, 39, 77, 116]
