Input scale (32 bit):
 218851312
Input zero point:
 122
Weight scale (32 bit):
 32171054
Weight zero point:
 109
Output scale (32 bit):
 227069264
Output zero point:
 126
M Scales (32 bit):
 31006740
Weight (8 bit):
weights_conv[0] = {9, 20, -14, 26, 16, 49, 22, -28, -36, 1, 2, 6, 29, -18, 29, 2, 15, -1, 6, -11, -9, 0, -41, 23, 10, -27, 63, -7, -37, -25, -29, -17, 32, -4};
weights_conv[1] = {1, 55, 18, -1, -14, 31, 22, 32, -33, -1, -4, 20, 5, -3, 6, 37, -32, 13, 17, -30, -17, -33, -18, -14, 32, -17, 0, 13, -44, -4, 13, 16, 2, 21};
weights_conv[2] = {17, -88, 1, -5, 8, 1, -4, -22, -7, -20, 44, -6, 15, -8, 6, 12, 5, -11, -27, 8, -12, -29, 28, 40, 2, -1, -18, 0, -5, 24, -6, -16, 3, -4};
weights_conv[3] = {40, -1, 33, 1, -9, 13, 13, -12, 9, -10, 23, 40, 23, -26, 1, 23, 17, 9, -32, -5, -12, -7, 4, -8, 37, 26, -27, 37, -11, 16, -6, -28, 4, 25};
weights_conv[4] = {131, 44, -5, -24, 61, 31, 33, -24, -20, 21, 58, -16, 7, -29, 29, 1, -48, 18, -15, -19, -8, 36, 7, 18, -24, 10, 42, -64, 36, -23, -14, 14, 49, 12};
weights_conv[5] = {-16, 7, 12, -34, -8, -1, -23, -7, 49, 7, 12, -14, 19, 15, 14, 17, 5, 17, -3, 30, 9, 4, 14, 4, -14, -3, -16, -10, 31, 52, -8, -19, 2, -19};
weights_conv[6] = {46, -63, -24, -36, -17, -33, 6, 12, -3, 48, -56, -5, 6, 21, -16, 2, 1, 38, 49, -16, -8, 3, -2, -20, 26, 29, -9, -19, 19, 16, 1, 25, 37, 20};
weights_conv[7] = {54, -18, 25, 0, -6, -18, 1, -7, -34, 1, 17, -35, -24, -42, -2, 12, -13, -34, -27, 21, -3, -2, -14, -14, -3, 6, -7, 0, -37, 43, -9, -7, -6, 16};
weights_conv[8] = {59, 115, -16, 31, 22, 18, 26, -38, 3, -5, 44, -15, 2, 19, 14, 13, 0, -7, -5, -28, -13, -51, -2, 11, 13, 4, 4, 21, -37, 18, -4, 4, 0, -4};
weights_conv[9] = {32, -10, -12, -16, 22, -38, -19, 0, -20, 34, 3, 42, -26, -3, 28, 17, 7, 47, 6, -22, 15, 22, -47, -27, -11, -35, -6, -9, 9, -6, 33, -7, 9, -21};
weights_conv[10] = {-38, -75, 2, -28, 8, -3, 16, -7, 30, 31, -13, -23, -26, -31, 0, 0, -4, -20, -47, 38, 14, 35, -19, -29, 24, 19, -2, 17, 6, 13, 16, 9, -7, 26};
weights_conv[11] = {-40, 76, -27, -45, -18, -33, -5, -6, 25, 49, -36, 20, 24, 58, -19, 24, 17, -32, -28, -16, -4, 7, 26, -1, 1, 26, -19, -5, 28, -51, -55, 45, -12, 10};
weights_conv[12] = {2, 3, 5, 3, 5, 9, 24, 31, 8, 11, 7, 4, 17, -20, -6, 5, 18, 24, 18, -15, 12, -11, -22, 3, 3, 27, 2, 30, -7, 32, 13, 15, 11, 15};
weights_conv[13] = {22, 113, 22, -7, -6, -15, 5, -23, 9, 3, -10, 10, -1, -16, -8, 39, 15, -24, -22, 28, 70, -22, -34, 20, 27, 0, -9, 15, -15, -23, 2, 33, 0, 32};
weights_conv[14] = {32, 63, -6, 24, 27, 37, 8, 0, 17, 15, -33, 6, -52, 9, 17, 3, -19, 41, -14, 13, -21, 10, 11, -21, 30, -6, 42, 44, 10, 40, 25, -20, 7, 38};
weights_conv[15] = {27, -10, 6, 9, 22, 1, -9, 43, -10, 6, 58, 34, 12, -36, 21, 4, -17, 47, -16, -59, 0, -48, -32, 25, 31, -57, 4, -4, -23, -6, 42, 36, 31, -8};
weights_conv[16] = {-86, 32, 13, -30, 13, -20, -19, -43, -20, -13, 23, 55, 25, -1, -1, -4, 18, 47, -108, 17, -15, 43, -24, 1, -5, 15, 63, -28, 27, -10, 3, -31, 10, 4};
weights_conv[17] = {29, -77, -39, -19, -2, -48, 42, 13, -25, 34, -15, 35, 33, -23, -22, 17, -48, -8, 54, 55, 19, -20, 6, -10, 31, 49, -15, -22, 18, -27, 3, 40, -16, 53};
weights_conv[18] = {-80, -33, 53, 0, -6, -7, -36, 23, -19, 8, 20, -6, -33, 7, 24, -2, -30, 22, 29, 46, 49, 10, 28, 7, -17, -42, 0, -7, 17, -14, 58, 14, 2, -2};
weights_conv[19] = {-23, 50, 11, 34, -33, -20, -35, -15, -32, 14, -4, 11, -17, 38, 1, 17, 71, -1, -13, -1, 84, 37, -1, 45, -43, -46, 63, -33, -32, 3, -31, -14, 13, 55};
weights_conv[20] = {91, -27, -43, 8, 45, 14, 4, -18, -6, 12, 34, -18, 3, 34, 5, 2, 20, -43, 8, -20, -9, 31, 3, 45, 14, -9, 7, 6, 13, -10, -5, -8, 48, -22};
weights_conv[21] = {-81, 71, 6, 10, 20, -10, 13, 2, 8, 21, 3, 6, 0, 17, -5, -17, 8, -29, -31, 6, -5, -3, 3, 29, 12, -15, -11, -20, 33, 3, -10, 10, -3, 5};
weights_conv[22] = {59, 143, -39, -33, 10, 35, 46, 21, -32, -32, 12, -4, 11, -4, 39, 52, -19, 10, -35, 22, -20, -12, 12, 12, 19, 5, 1, 44, 3, -26, -67, -4, 5, 52};
weights_conv[23] = {41, -23, 8, -12, 52, -20, -55, 7, -2, -8, -31, -31, -7, 13, 32, -22, -25, 6, 30, 0, 17, -4, 10, 47, 24, -16, -1, 17, 7, -18, 58, 2, 49, -28};
weights_conv[24] = {8, -24, -24, -2, -8, 16, 15, 38, 8, -28, -36, -7, 28, -2, -32, 3, 15, -9, -3, -25, 0, -10, -14, -2, 6, -30, -21, 22, -22, 9, -3, 17, -36, -23};
weights_conv[25] = {-86, 14, -28, 4, 5, 35, 28, 2, 9, 8, 9, 0, 13, 11, 19, 3, -2, -4, -38, -41, -29, 7, 45, 27, 9, 45, 32, -49, -9, -5, 26, -9, -2, 60};
weights_conv[26] = {-38, -4, -49, -20, -27, -24, -37, 4, -16, 25, -30, -22, -29, -11, 2, 16, 2, 25, -22, 12, 19, 4, 9, 3, -9, -20, 7, 0, 14, -12, -33, 22, -19, -15};
weights_conv[27] = {23, -26, -13, 12, -36, 38, 10, 2, 9, 16, -23, 24, -16, -8, 24, 12, -37, 12, -5, 21, 0, -32, 4, -21, -21, 0, 39, 15, -16, 3, -25, 17, 10, 5};
weights_conv[28] = {86, -52, 21, -6, 14, 4, 8, -31, 18, 21, -24, -31, 4, -20, 17, 15, 22, -24, 19, -3, 47, 6, -62, 3, 17, -3, 10, -60, -21, -35, -5, 6, -12, 41};
weights_conv[29] = {16, -80, 34, -2, -16, 17, -15, -24, -44, -12, -39, -7, -25, 38, 9, -9, -14, 10, 14, 10, 61, -24, 0, 49, -15, 7, -2, -34, -12, 36, 27, -6, -6, 79};
weights_conv[30] = {-37, -69, -34, 7, 11, 29, 7, -5, -15, 5, -24, -13, 13, 15, 5, 29, -15, 46, 15, 19, 16, 3, 21, -1, 53, 13, 27, 19, 21, -4, 2, 6, 6, 22};
weights_conv[31] = {-66, 102, 7, -17, -4, -18, -1, 57, -49, 30, -13, 14, -10, -43, -41, 52, 3, 20, 58, -55, -29, 24, -1, 29, 28, -12, -24, 22, 11, 32, -8, 13, 6, -8};

Bias (8 bit):
bias_conv = {-1601, -4821, -1044, 119, -1376, 2279, -2645, 2739, -2810, -2483, -1123, -1907, -1781, -2729, -2163, -1148, -2457, -3299, -1376, -3210, 934, -898, -1083, -887, 1102, -1632, -2181, -1874, -1841, -597, -1100, -562};
Input range (8 bit):
 [-6, -5, -4, -3, -2, -1, 0, 1, 2, 3, 4, 5, 6]
Output range (8 bit):
 [-118, -98, -79, -59, -39, -20, 0, 20, 39, 59, 79, 98, 118]
