Input scale (32 bit):
 227069264
Input zero point:
 126
Weight scale (32 bit):
 86409192
Weight zero point:
 123
Output scale (32 bit):
 442264640
Output zero point:
 120
M Scales (32 bit):
 44364548
Weight (8 bit):
weights_conv[0] = {-15, 93, 15, -4, -2, 0, 8, 5, -4, -30, -19, 12, 39, -3, 41, -17, -30, 7, -13, -5, 36, -3, 36, 15, -10, 11, 7, -3, 38, -10, -21, -3, -2, -17};
weights_conv[1] = {-15, -7, -4, 35, -3, 18, -7, 9, 13, -41, -21, -11, -16, -8, -9, 9, -10, 8, 38, 38, -13, 24, 17, -4, -10, 15, -1, -37, -36, -29, -7, -16, 28, 34};
weights_conv[2] = {46, -9, 0, 0, -9, 28, -7, 1, 31, -14, -12, 19, 1, 41, -17, -20, -55, -19, 3, -31, -7, 27, 23, -15, -16, 23, 12, -21, -1, 10, 12, 29, -13, -2};
weights_conv[3] = {-33, 5, 2, -10, 9, -35, -22, 56, -5, 10, 3, 10, 23, 10, -23, 14, 8, 21, -24, 18, 4, -43, 33, -18, 27, 10, -11, 16, 4, -5, -21, -8, 32, -38};
weights_conv[4] = {-18, -78, -17, 70, 33, -10, -17, -31, -9, -42, 7, 26, -6, -17, -21, -6, 29, 1, -5, 4, 6, -26, 44, -26, -1, -36, -8, 12, 26, -11, -16, 48, -29, 16};
weights_conv[5] = {16, -32, 3, -30, 21, -18, -7, -2, -41, -26, -48, -6, -29, 0, -3, 34, -18, 16, 39, 35, -14, 3, 15, -27, -25, -35, 46, 25, -13, -16, 33, 82, 29, -18};
weights_conv[6] = {-97, 56, 0, -2, 1, -33, -11, 0, 5, -3, 26, 3, 74, -20, 17, 28, 3, 32, -31, 4, -26, 0, 26, 20, 2, -21, 5, -13, -16, 11, 11, -44, -1, 6};
weights_conv[7] = {-12, -4, -47, 2, 1, -36, -33, 56, -2, 24, -6, 3, -9, 1, 8, -12, -4, -6, 1, 1, -5, 4, 6, -6, 27, -7, -43, -18, 8, 3, -7, 3, 38, -32};
weights_conv[8] = {49, 78, -17, -6, -14, 29, 22, -3, -1, -5, 27, -32, -19, 22, -17, -19, -2, -49, 6, -11, -20, 6, 1, 29, -26, 23, -11, -5, 41, 49, -2, 6, 1, 1};
weights_conv[9] = {30, 74, -37, -57, -12, -13, 53, 2, -8, 20, 12, 17, 27, -50, -5, -19, 28, -26, 22, 38, 12, -27, 2, 5, -19, 3, -33, -13, 20, 22, -22, 17, 69, 40};
weights_conv[10] = {42, -31, -10, -22, -32, 13, 43, -38, -16, -33, 46, 10, -12, 54, -18, -3, -20, 16, -34, -22, -1, 22, 8, 26, 28, -40, -32, -32, 8, 23, 4, -30, 11, 1};
weights_conv[11] = {1, -117, -9, 19, 0, 22, 20, -51, -16, 4, 6, -38, 10, 12, -7, -39, -18, -26, 11, 5, 17, 48, 26, 11, -4, -28, -8, 47, -4, 27, 10, -4, -26, -21};
weights_conv[12] = {93, 2, -23, 4, -9, 11, -32, -33, -8, -23, 28, -3, -25, -2, -14, 27, 6, -21, 33, 4, 0, 23, 10, -11, 16, 17, 12, -8, -3, 45, -37, -5, 5, 4};
weights_conv[13] = {-16, 48, 72, -33, -6, -33, -28, 11, 10, -54, -3, 27, -26, -42, 18, 28, 34, -14, -30, -9, -1, 10, -4, -30, 21, 19, -11, 55, 25, 13, -27, -5, 18, -9};
weights_conv[14] = {-1, 1, -17, 2, 8, 10, -26, -9, 6, -3, -4, -3, -1, -2, -13, -8, -8, -6, -4, -10, -5, -4, 4, -18, -5, -5, 6, -21, 2, -15, -4, -22, 4, -17};
weights_conv[15] = {-64, 10, 41, -26, -3, -38, 17, 11, -1, -30, 1, -21, -2, -14, 26, 0, -6, -1, 2, -3, -8, 4, -3, -8, 24, -12, -40, 8, 7, -10, 2, 3, 5, -1};
weights_conv[16] = {7, 80, 56, -15, 12, -1, -55, -42, 3, 55, 0, 12, 10, -17, -26, 3, -4, -11, 5, 8, -15, 12, -7, 6, -18, 9, -52, -53, 0, 20, 7, -29, 68, -11};
weights_conv[17] = {0, 0, -43, -2, -28, -26, 18, -4, -14, -24, 0, -12, 8, 26, 19, 1, -13, -16, -62, 43, 5, -1, -24, -14, 33, -6, 5, 19, 33, -1, 2, -18, -16, 78};
weights_conv[18] = {-67, 19, 41, -28, -24, -41, 10, 69, -1, -24, 33, -28, -20, -15, 25, -28, 13, 59, -34, -16, 3, -22, -20, 10, -93, -30, -11, -27, 31, 27, 3, 25, -27, 88};
weights_conv[19] = {-23, 72, 34, 62, -19, 2, -2, -18, 3, -2, -16, -26, -2, -4, -36, -4, -21, 0, -25, -21, -24, 24, 49, -2, -42, 10, 9, 19, -43, 35, 12, -14, 18, -57};
weights_conv[20] = {39, 29, -3, 46, -23, -9, -18, 26, 7, -35, -53, 76, 20, 19, 0, -53, 28, 10, -6, -6, -24, 9, -29, 29, 9, 17, 18, -18, -33, 19, 13, 16, -26, 4};
weights_conv[21] = {-3, 11, 9, -21, -8, 8, -16, -38, 9, -42, 12, 4, -38, -22, -1, -17, -5, 47, 51, -21, -1, -26, 7, -8, 41, 11, -4, -11, 16, -25, 36, -32, 7, 22};
weights_conv[22] = {-86, -38, 0, -17, 31, -28, 30, 32, 14, -23, 42, 11, 23, 3, -14, 18, -15, 10, -12, -4, -2, -28, -14, -18, -45, -36, -16, 22, 20, 4, -25, 42, 15, 13};
weights_conv[23] = {31, 130, 7, -10, -32, -8, -11, 6, -11, -6, -12, 36, -16, 18, -28, 14, 6, -45, -15, 30, 33, 3, 1, 17, -1, 38, 0, 3, 33, -16, 17, -34, 9, -13};
weights_conv[24] = {65, -16, 8, -15, 53, -36, 9, -12, -39, -28, -7, 10, 18, 21, 4, -74, -3, 39, -2, 16, 64, -14, -3, -19, -23, -72, 24, 9, -35, 3, 32, 25, 13, -32};
weights_conv[25] = {2, 8, 18, -3, -18, -30, -23, 16, 6, 2, -9, -30, -48, 52, 5, -51, 36, -16, -5, -24, -64, 21, -6, 70, -16, -17, 4, -62, 32, -9, 57, 39, 27, 5};
weights_conv[26] = {43, 57, 22, -19, 11, -13, 15, -28, -25, -31, -4, -21, -14, -3, 5, 8, -9, 15, -36, -20, 14, 6, -8, -28, -3, 14, 43, 3, 20, -18, 13, 31, -4, 1};
weights_conv[27] = {26, -28, -14, 31, 33, 30, 24, 9, -27, 23, -12, 52, 4, -6, -21, 1, 59, 2, -18, -24, 72, -9, 11, 10, -4, -1, -3, -2, -56, 6, -61, 49, -48, 12};
weights_conv[28] = {-95, -14, 1, 44, -5, -54, -32, -64, -26, 18, 21, 28, 20, 8, 3, 7, -8, 2, 32, -8, 4, -10, 15, 10, -14, -7, -42, -49, -28, -18, -36, 25, -6, 25};
weights_conv[29] = {10, -16, -43, 11, 0, -39, -21, 49, -10, 0, 24, 41, -30, 19, -29, 8, 3, -10, -13, -8, 27, -15, 9, 17, 44, -17, -52, -20, -10, -27, 10, 7, 32, -22};
weights_conv[30] = {-38, -120, 14, 52, -4, 17, 39, -41, 28, 12, 16, 9, -3, -28, -11, -12, -35, 5, -17, 8, 11, -9, 26, 11, -21, -11, 23, 0, -41, -18, 8, 18, 4, -7};
weights_conv[31] = {-24, -26, -48, 14, 55, -5, 45, 26, -44, 27, -16, 28, -9, -19, 43, 31, -17, 17, 6, 12, 52, -4, 5, -80, -9, -8, -56, 28, -6, 3, -4, 4, -43, -44};

Bias (8 bit):
bias_conv = {53, -618, 591, 884, -809, 673, -431, 355, -729, -664, 561, -648, 76, -393, -159, -848, 561, 1568, 250, -61, -579, 515, -870, -328, 431, -674, -546, -19, -189, -535, -432, -770};
Input range (8 bit):
 [-6, -5, -4, -3, -2, -1, 0, 1, 2, 3, 4, 5, 6]
Output range (8 bit):
 [-113, -95, -76, -57, -38, -19, 0, 19, 38, 57, 76, 95, 113]
