Input scale (32 bit):
 214965040
Input zero point:
 107
Weight scale (32 bit):
 36045460
Weight zero point:
 99
Output scale (32 bit):
 218851312
Output zero point:
 122
M Scales (32 bit):
 35405380
Weight (8 bit):
weights_conv[0] = {42, -47, 19, 23, 8, 14, -29, -14, -39, -30, -11, -11, 27, 6, 6, 2, -12, 4, 36, -6, -16, -17, -15, 20, 1, 5, -11, -13, -2, 47, 17, 26, -23, -14};
weights_conv[1] = {81, -3, -23, 7, -53, -7, 29, 21, -2, -33, -12, 0, -18, -34, 6, -5, -24, 20, -23, 9, -19, -2, -29, 0, -25, -14, 3, -10, -11, 5, -27, -9, -11, 5};
weights_conv[2] = {-15, -6, 58, -6, 28, -17, -5, -16, -23, -1, -3, -10, 16, 42, 13, 8, -16, -16, 14, -16, 3, -13, -3, 14, -15, 9, 17, -33, 5, -56, -8, 9, 3, -2};
weights_conv[3] = {-9, -27, -28, 21, -22, 20, -26, 21, 0, 12, -5, -5, -16, 4, 5, 9, -29, -5, -7, 11, 17, 9, 7, 2, 11, -2, -10, 30, -42, 0, -2, -9, -31, 22};
weights_conv[4] = {4, -31, 5, -11, -23, 33, -20, 24, 17, 27, -14, -16, 23, 4, 20, 2, -1, 18, 16, -15, -12, 9, -11, 10, 13, -12, -26, 15, 1, 56, -13, -4, -11, -18};
weights_conv[5] = {-24, 0, 18, 26, -3, 19, -27, 0, -15, -11, 17, 11, -8, 3, 29, 8, 7, -45, -49, 19, 12, 30, 26, -20, 0, 26, 21, 11, 3, -15, -8, -1, 9, -32};
weights_conv[6] = {25, 94, 23, 5, -18, 49, 41, -13, 23, -30, -8, 14, 29, 15, 8, 6, 20, -21, -23, 17, -47, 22, -24, 37, 23, -31, -7, -32, 19, 24, 11, -24, 13, 12};
weights_conv[7] = {-35, -16, -5, -16, 18, -14, -9, -29, -26, 38, 10, 43, -12, 16, 10, 20, 20, -2, -8, 22, 7, 1, -21, -29, -10, 9, -4, 10, 10, -3, -21, -9, -11, 17};
weights_conv[8] = {-19, -97, 75, -12, -42, 25, -26, -28, 8, 14, -16, 16, -7, 24, 12, -9, 7, -36, 29, -29, -13, -7, -36, 39, 12, 10, -7, -2, -16, 14, -15, 40, -11, -2};
weights_conv[9] = {-32, -31, 6, -13, -5, 6, -30, 8, 18, -5, -14, -15, 8, -40, 5, -23, -38, -12, -43, 15, -12, -20, -25, -10, 11, -25, -5, 8, -16, -25, 18, -14, -21, 20};
weights_conv[10] = {-71, -63, -9, 7, -9, -5, 0, 1, 17, 32, -2, -17, -11, 17, -14, 35, -16, 16, 3, 12, 12, -4, 21, -37, 20, -36, -16, 12, -16, 48, -27, 31, -42, -45};
weights_conv[11] = {-60, -51, 10, 5, -24, 32, 17, 16, -2, 18, 1, 0, 24, 3, -21, -2, -12, -16, -3, 10, -19, 2, 33, -16, 32, 4, 15, -4, 20, 41, -6, 26, -8, -8};
weights_conv[12] = {-49, 3, 15, 9, -24, -19, 15, -27, -22, -16, 11, -15, -14, 37, 38, -19, 33, -1, -16, 14, -10, 2, -33, 24, 14, 33, 23, 23, 27, 1, 19, -29, 12, -2};
weights_conv[13] = {0, 63, 5, 51, -6, 16, -44, -3, -28, 50, 55, -9, 2, 28, 19, 5, -35, 28, -7, -15, -3, -16, -12, 28, 24, -30, 18, -12, -63, 29, -4, -11, -14, -19};
weights_conv[14] = {2, 40, 17, 19, -6, 40, -16, -10, -12, 2, -5, -28, 4, 1, -7, -12, -36, -8, -7, 27, 7, 3, 12, 24, -5, -1, 11, 1, -33, 22, -9, -21, 10, -10};
weights_conv[15] = {-1, -25, 37, 14, -16, 3, 57, 13, 11, 25, 15, 6, -20, 11, -20, -1, -26, 20, 1, -14, 6, -50, -11, 30, 3, -15, 20, -4, 36, -17, 16, 15, 9, 38};
weights_conv[16] = {-10, -50, 4, -18, 20, 23, 18, -24, 20, 18, 22, -30, 14, -1, -3, 16, 33, 28, 11, 14, 12, 0, 3, -13, -19, -44, -20, 29, 50, -31, -33, -46, -29, -8};
weights_conv[17] = {-18, 48, -1, 24, 35, -26, 39, -34, -24, 10, 8, -6, -2, 13, 26, 13, 15, 5, 6, 33, 20, -25, -10, -11, 10, 32, 33, 11, -2, 12, 19, 3, 21, -22};
weights_conv[18] = {22, 155, 16, 42, 34, 19, -15, -30, -21, -9, -40, 12, -3, 15, -31, -10, -36, -25, 55, 10, -23, -20, -7, -28, -23, -20, 45, -9, 36, 12, -6, 20, 74, 2};
weights_conv[19] = {33, 19, 17, 2, 22, -3, -10, 11, 10, -14, 22, 14, -29, -5, 26, 35, 3, -25, -12, -20, -26, 29, -14, -14, -9, -47, -38, 16, -42, 6, 25, -30, 25, -5};
weights_conv[20] = {-64, -6, -8, 44, 13, -27, 17, -14, 8, 18, 16, 12, -2, 10, 4, 16, 19, -18, 1, 35, -37, -21, 20, 1, -17, 17, 6, 29, -28, 0, 0, 21, 23, 24};
weights_conv[21] = {-55, -74, 40, -22, -23, -18, 21, -16, -24, -36, 2, -10, 20, -18, 3, 32, -44, 1, 8, 6, 39, -14, 41, -12, 23, -33, -24, -25, 19, 21, -21, 74, 60, 30};
weights_conv[22] = {10, 0, -12, -17, 25, 15, -19, -39, -9, 8, -10, -41, 28, 19, -27, -21, 8, 15, 9, -23, 82, -22, 23, 2, 7, -40, -29, 18, 3, 23, 6, 10, -14, -51};
weights_conv[23] = {48, 18, -25, -2, -8, 34, 17, 30, -12, -39, -13, -10, 12, 8, 10, 28, 2, 18, -7, 10, 19, -1, 45, -19, 2, -17, -4, 40, -23, 7, -3, 16, -15, -15};
weights_conv[24] = {-14, 23, 3, 26, -12, -28, 17, -4, -46, -8, -9, -9, -12, 35, 5, 51, 2, 18, -20, -15, -3, -9, 1, -14, 35, 1, -8, 20, 36, -36, 49, -14, 23, -38};
weights_conv[25] = {3, -33, 29, 24, -4, 29, -5, -16, 26, -22, -14, 0, 24, 20, 52, -22, 32, 10, -3, -32, -16, -15, 4, 37, 7, 8, -13, -11, 18, -17, -2, -21, -2, 7};
weights_conv[26] = {-21, 23, -3, -5, -12, 2, -2, -15, 18, 11, 7, 1, -6, -19, -9, -8, 35, 22, 20, -13, 14, -3, -17, 7, 9, -12, 14, -36, 20, -17, -7, 6, 20, -11};
weights_conv[27] = {41, 57, -3, -24, 26, 20, 18, 17, 19, -19, 19, -5, -5, -1, -45, 7, 19, -14, 31, -8, 27, -5, -18, -28, -45, -2, -6, 9, 0, 17, -35, 32, 34, -31};
weights_conv[28] = {-2, 12, -10, -5, 0, 3, 2, -5, 18, 17, 5, 70, 26, -11, 7, -4, 24, -10, 0, 23, -9, -16, -17, -24, -1, -1, 9, 1, 20, 7, -4, 3, 7, 24};
weights_conv[29] = {77, 1, 9, 33, -2, 40, -9, 31, -24, -30, 55, -21, -41, 13, 8, 34, 6, -30, -26, 38, 16, -8, -55, -28, -24, 37, 1, 45, -32, -10, 18, 17, -8, -4};
weights_conv[30] = {-22, 4, -2, -21, -15, -15, 17, 27, -3, 28, -2, 19, 12, -27, -9, 10, -13, -15, -1, 15, 20, 20, 2, -21, -7, -27, -6, 38, -48, 7, -18, 15, -7, -10};
weights_conv[31] = {7, 7, 6, 20, -17, -4, -26, 11, -2, -8, 0, -20, 13, -5, -5, -15, -27, 3, 5, 14, -17, 18, 3, 0, -1, 2, -1, 10, -24, 21, -8, 2, -15, -4};

Bias (8 bit):
bias_conv = {953, 703, -80, -1390, -815, -173, -2287, -191, -304, 444, -1049, -2313, 895, 6, -3008, 194, -2231, -472, -378, -1061, -2280, -275, 2729, -947, 73, -1558, -1126, -1100, 589, 10, 2866, -91};
Input range (8 bit):
 [-5, -4, -3, -2, -1, 0, 1, 2, 3, 4, 5, 6, 7]
Output range (8 bit):
 [-100, -80, -60, -40, -20, 0, 20, 40, 60, 80, 100, 120, 140]
